253	79
ID	HK/1/1968 	HK/107/1971 	BI/21793/1972 	EN/42/1972 	PC/1/1973 	BI/5930/1974 	SL/840/1974 	VI/3A/1975 	VI/3C/1975 	AM/1609/1977 	TE/1A/1977 	TE/1B/1977 	BI/2461/1978 	BA/1/1979 	BA/2/1979 	EN/496/1980 	NL/209/1980 	RD/577/1980 	SH/31/1980 	NL/233/1982 	NL/241/1982 	PH/2/1982 	PH/2V/1982 	CE/1A/1984 	CE/1B/1984 	CC/4/1985 	NL/330/1985 	NL/333/1985 	ST/10/1985 	WE/4/1985 	CO/2/1986 	LE/360/1986 	SH/11/1987 	SI/2/1987 	VI/7/1987 	NL/450/1988 	BE/353/1989 	GU/54/1989 	NL/620/1989 	HK/34/1990 	VI/2/1990 	LY/1149/1991 	BE/32A/1992 	BE/32V/1992 	BE/32B/1992 	GD/25/1993 	MA/G252/1993 	OS/2352/1993 	SD/9/1993 	JO/33/1994 	NL/18/1994 	PR/413/1994 	FI/338/1995 	GE/A9509/1995 	LY/2279/1995 	NA/933/1995 	NL/1/1995 	NL/47/1995 	NL/218/1995 	WU/359B/1995 	BR/8/1996 	NL/172/1996 	SP/1/1996 	AU/10/1997 	NL/286/1997 	SY/5A/1997 	SY/5B/1997 	SY/5HAY/1997 	SY/5V/1997 	NL/5/1998 	MW/10/1999 	PM/2007/1999 	NL/118/2001 	NL/124/2001 	NL/126/2001 	FU/411/2002 	NL/1/2002 	NL/22/2003 	NL/88/2003
BI/15793/1968  	1.014568e+01 	0 	0 	8.646739e+00 	7.446256e+00 	0 	0 	6.655352e+00 	0 	0 	0 	0 	0 	6 	0 	3 	0 	0 	0 	0 	0 	4 	0 	0 	0 	0 	4 	0 	0 	3 	0 	4 	0 	0 	0 	0 	0 	0 	0 	0 	0 	0 	0 	0 	0 	0 	0 	0 	0 	0 	0 	0 	0 	0 	0 	0 	0 	0 	0 	0 	0 	0 	0 	0 	0 	0 	0 	0 	0 	0 	0 	0 	0 	0 	0 	0 	0 	0 	0 
BI/16190/1968  	11 	0 	11 	8 	7.000000e+00 	10 	6.000000e+00 	6.000000e+00 	0 	4 	0 	0 	3.500154e+00 	0 	0 	0 	3 	3 	0 	4 	3 	0 	0 	0 	0 	0 	4 	0 	3.500154e+00 	0 	0 	0 	0 	0 	0 	0 	0 	0 	0 	0 	3 	4 	0 	0 	0 	0 	5.250466e+00 	0 	0 	0 	0 	0 	0 	0 	0 	0 	3 	0 	3.444261e+00 	0 	0 	4 	0 	0 	0 	0 	0 	0 	0 	0 	0 	0 	0 	0 	0 	0 	0 	0 	0 
BI/16398/1968  	1.186171e+01 	0 	0 	9.861707e+00 	8.862947e+00 	0 	6.867896e+00 	7.153805e+00 	5.000000e+00 	5.000000e+00 	5.333243e+00 	5.807355e+00 	4.500154e+00 	0 	6.000000e+00 	4.000000e+00 	0 	0 	0 	0 	0 	0 	0 	0 	7.000000e+00 	0 	0 	0 	0 	0 	3 	0 	0 	0 	5.000000e+00 	0 	4.000000e+00 	0 	0 	0 	0 	0 	0 	0 	0 	0 	0 	0 	0 	0 	0 	0 	0 	0 	0 	0 	0 	0 	0 	0 	0 	0 	0 	0 	0 	0 	0 	0 	0 	0 	0 	0 	0 	0 	0 	0 	0 	0 	0 
HK/1/1968  	12 	10 	0 	11 	6.405992e+00 	0 	4 	0 	4 	0 	0 	4 	0 	6 	0 	0 	0 	0 	0 	0 	0 	0 	4.045804e+00 	0 	0 	0 	0 	0 	0 	0 	0 	4 	2 	0 	0 	0 	0 	0 	0 	0 	0 	0 	0 	5.227850e+00 	0 	2.415037e+00 	0 	0 	0 	2.415037e+00 	3.415037e+00 	0 	0 	0 	3.192645e+00 	5.076375e+00 	3 	4.415037e+00 	3.444261e+00 	0 	0 	4 	4 	3.207535e+00 	5.415037e+00 	0 	0 	0 	2.415037e+00 	3 	0 	0 	0 	0 	0 	0 	0 	0 	0 
BI/808/1969  	10 	0 	0 	9 	7.584963e+00 	0 	7.000000e+00 	8 	0 	0 	0 	0 	0 	0 	0 	0 	0 	0 	0 	0 	0 	0 	0 	0 	0 	0 	0 	0 	0 	0 	0 	4 	0 	0 	0 	0 	0 	0 	0 	0 	0 	0 	0 	0 	0 	0 	0 	0 	0 	0 	0 	0 	0 	0 	0 	0 	0 	0 	0 	0 	0 	0 	0 	0 	0 	0 	0 	0 	0 	0 	0 	0 	0 	0 	0 	0 	0 	0 	0 
BI/908/1969  	12 	0 	0 	9 	7.000000e+00 	0 	6.000000e+00 	6.510962e+00 	5.000000e+00 	5.000000e+00 	5.333243e+00 	6.584963e+00 	4.500154e+00 	0 	6.000000e+00 	4.000000e+00 	0 	0 	0 	0 	0 	0 	0 	0 	7.000000e+00 	0 	0 	0 	0 	0 	3 	4 	0 	0 	5.000000e+00 	0 	4.000000e+00 	0 	0 	0 	0 	0 	0 	0 	0 	0 	0 	0 	0 	0 	0 	0 	0 	0 	0 	0 	0 	0 	0 	0 	0 	0 	0 	0 	0 	0 	0 	0 	0 	0 	0 	0 	0 	0 	0 	0 	0 	0 	0 
BI/17938/1969  	1.079181e+01 	0 	0 	8.501439e+00 	7.498251e+00 	0 	6.070389e+00 	6.201634e+00 	5.000000e+00 	5.000000e+00 	0 	5.321928e+00 	4.500154e+00 	6 	6.000000e+00 	3 	0 	0 	0 	0 	0 	4 	0 	0 	7.000000e+00 	0 	4 	0 	0 	0 	3 	4 	0 	0 	5.000000e+00 	0 	4.000000e+00 	0 	0 	0 	0 	0 	0 	0 	0 	0 	0 	0 	0 	0 	0 	0 	0 	0 	0 	0 	0 	0 	0 	0 	0 	0 	0 	0 	0 	0 	0 	0 	0 	0 	0 	0 	0 	0 	0 	0 	0 	0 	0 
BI/93/1970  	1.179312e+01 	0 	0 	9 	0 	0 	6.510962e+00 	6.201634e+00 	5.000000e+00 	5.000000e+00 	0 	5.000000e+00 	4.500154e+00 	6 	6.000000e+00 	3 	0 	0 	0 	0 	0 	4 	0 	0 	7.000000e+00 	0 	4 	0 	0 	0 	3 	4 	0 	0 	5.000000e+00 	0 	4.000000e+00 	0 	0 	0 	0 	0 	0 	0 	0 	0 	0 	0 	0 	0 	0 	0 	0 	0 	0 	0 	0 	0 	0 	0 	0 	0 	0 	0 	0 	0 	0 	0 	0 	0 	0 	0 	0 	0 	0 	0 	0 	0 	0 
BI/2668/1970  	10 	0 	0 	8 	7.000000e+00 	0 	5.263034e+00 	6.201634e+00 	5.000000e+00 	5.000000e+00 	4.333243e+00 	5.000000e+00 	4.500154e+00 	6 	6.000000e+00 	3 	0 	0 	0 	0 	0 	4 	0 	0 	7.000000e+00 	0 	4 	0 	0 	0 	3 	4 	0 	0 	5.000000e+00 	0 	4.000000e+00 	0 	0 	0 	0 	0 	0 	0 	0 	0 	0 	0 	0 	0 	0 	0 	0 	0 	0 	0 	0 	0 	0 	0 	0 	0 	0 	0 	0 	0 	0 	0 	0 	0 	0 	0 	0 	0 	0 	0 	0 	0 	0 
BI/6449/1971  	9.044394e+00 	0 	0 	8.292782e+00 	6.510962e+00 	0 	0 	5.807355e+00 	5.000000e+00 	5.000000e+00 	4.333243e+00 	5.000000e+00 	4.500154e+00 	6 	6.000000e+00 	3 	0 	0 	0 	0 	0 	4 	0 	0 	7.000000e+00 	0 	4 	0 	4.500154e+00 	3 	3 	4 	0 	0 	5.000000e+00 	0 	4.000000e+00 	0 	0 	0 	0 	0 	0 	0 	0 	0 	0 	0 	0 	0 	0 	0 	0 	0 	0 	0 	0 	0 	0 	0 	0 	0 	0 	0 	0 	0 	0 	0 	0 	0 	0 	0 	0 	0 	0 	0 	0 	0 	0 
BI/21438/1971  	1.149985e+01 	0 	0 	9.499846e+00 	7.797013e+00 	0 	7.292782e+00 	7.153805e+00 	5.000000e+00 	5.000000e+00 	0 	6.000000e+00 	4.500154e+00 	6 	6.000000e+00 	3 	0 	0 	0 	0 	0 	4 	0 	0 	7.000000e+00 	0 	4 	0 	4.500154e+00 	0 	3 	4 	0 	0 	5.000000e+00 	0 	4.000000e+00 	0 	0 	0 	0 	0 	0 	0 	0 	0 	0 	0 	0 	0 	0 	0 	0 	0 	0 	0 	0 	0 	0 	0 	0 	0 	0 	0 	0 	0 	0 	0 	0 	0 	0 	0 	0 	0 	0 	0 	0 	0 	0 
BI/21801/1971  	1.149985e+01 	0 	0 	9.499846e+00 	8 	0 	7.292782e+00 	7.121015e+00 	5.000000e+00 	5.000000e+00 	0 	5.807355e+00 	4.500154e+00 	6 	6.000000e+00 	3 	0 	0 	0 	0 	0 	4 	0 	0 	7.000000e+00 	0 	4 	0 	4.500154e+00 	0 	3 	4 	0 	0 	5.000000e+00 	0 	4.000000e+00 	0 	0 	0 	0 	0 	0 	0 	0 	0 	0 	0 	0 	0 	0 	0 	0 	0 	0 	0 	0 	0 	0 	0 	0 	0 	0 	0 	0 	0 	0 	0 	0 	0 	0 	0 	0 	0 	0 	0 	0 	0 	0 
HK/107/1971  	0 	12 	0 	8 	11 	0 	9 	0 	4 	0 	0 	4 	0 	6 	0 	0 	0 	0 	0 	0 	0 	0 	4.045804e+00 	0 	0 	0 	0 	0 	0 	0 	0 	4 	2 	3.333243e+00 	0 	0 	3 	2 	0 	0 	0 	0 	0 	5.227850e+00 	0 	0 	0 	0 	0 	2.415037e+00 	0 	0 	0 	0 	0 	0 	0 	0 	0 	0 	0 	0 	0 	0 	0 	0 	0 	0 	0 	0 	0 	0 	0 	0 	0 	0 	0 	0 	0 
BI/6022/1972  	1.050144e+01 	0 	0 	9.499846e+00 	8.498251e+00 	0 	8.498251e+00 	8.201634e+00 	5.000000e+00 	5.000000e+00 	0 	7.000000e+00 	4.500154e+00 	6 	6.000000e+00 	3 	0 	0 	0 	0 	0 	4 	0 	0 	7.000000e+00 	0 	4 	0 	4.500154e+00 	0 	3 	4 	0 	0 	5.000000e+00 	0 	4.000000e+00 	0 	0 	0 	0 	0 	0 	0 	0 	0 	0 	0 	0 	0 	0 	0 	0 	0 	0 	0 	0 	0 	0 	0 	0 	0 	0 	0 	0 	0 	0 	0 	0 	0 	0 	0 	0 	0 	0 	0 	0 	0 	0 
BI/21793/1972  	8 	0 	12 	10 	11 	12 	10 	8 	0 	4 	6.333243e+00 	0 	3.500154e+00 	6 	0 	3 	3 	3 	0 	4 	3 	4 	0 	0 	0 	0 	4 	0 	3.500154e+00 	3 	0 	0 	0 	0 	0 	2.499955e+00 	0 	0 	0 	0 	3 	4 	0 	0 	0 	0 	5.250466e+00 	0 	0 	0 	0 	0 	0 	0 	0 	0 	3 	0 	3.444261e+00 	0 	0 	4 	0 	0 	0 	0 	0 	0 	0 	0 	0 	0 	0 	0 	0 	0 	0 	0 	0 
BI/23290/1972  	8 	0 	0 	9 	10 	0 	9 	8.498251e+00 	7.000000e+00 	5.000000e+00 	0 	8 	4.500154e+00 	0 	6.000000e+00 	4.000000e+00 	0 	0 	0 	0 	0 	0 	0 	0 	7.000000e+00 	0 	0 	0 	4.500154e+00 	4.000000e+00 	3 	0 	0 	0 	5.000000e+00 	0 	4.000000e+00 	0 	0 	0 	0 	0 	0 	0 	0 	0 	0 	0 	0 	0 	0 	0 	0 	0 	0 	0 	0 	0 	0 	0 	0 	0 	0 	0 	0 	0 	0 	0 	0 	0 	0 	0 	0 	0 	0 	0 	0 	0 	0 
BI/23337/1972  	8 	0 	0 	9 	10 	0 	9 	8.498251e+00 	7.000000e+00 	5.000000e+00 	0 	8 	4.500154e+00 	0 	6.000000e+00 	4.000000e+00 	0 	0 	0 	0 	0 	0 	0 	0 	7.000000e+00 	0 	0 	0 	4.500154e+00 	4.000000e+00 	3 	0 	0 	0 	5.000000e+00 	0 	4.000000e+00 	0 	0 	0 	0 	0 	0 	0 	0 	0 	0 	0 	0 	0 	0 	0 	0 	0 	0 	0 	0 	0 	0 	0 	0 	0 	0 	0 	0 	0 	0 	0 	0 	0 	0 	0 	0 	0 	0 	0 	0 	0 	0 
EN/42/1972  	0 	6.000000e+00 	0 	12 	11 	0 	10 	0 	8 	0 	0 	4 	0 	6 	0 	0 	0 	0 	0 	0 	0 	0 	4.045804e+00 	0 	0 	0 	0 	0 	0 	0 	0 	4 	2 	3.333243e+00 	0 	0 	3 	2 	0 	0 	0 	0 	0 	5.227850e+00 	0 	0 	0 	0 	0 	2.415037e+00 	0 	0 	0 	0 	0 	0 	0 	0 	0 	0 	0 	0 	0 	0 	0 	0 	0 	0 	0 	0 	0 	0 	0 	0 	0 	0 	0 	0 	0 
BI/552/1973  	9 	0 	0 	9 	11 	0 	10 	8.498251e+00 	7.000000e+00 	5.000000e+00 	0 	8.321928e+00 	4.500154e+00 	0 	6.000000e+00 	4.000000e+00 	0 	0 	0 	0 	0 	0 	0 	0 	7.000000e+00 	0 	0 	0 	4.500154e+00 	4.000000e+00 	3 	0 	0 	0 	5.000000e+00 	0 	4.000000e+00 	0 	0 	0 	0 	0 	0 	0 	0 	0 	0 	0 	0 	0 	0 	0 	0 	0 	0 	0 	0 	0 	0 	0 	0 	0 	0 	0 	0 	0 	0 	0 	0 	0 	0 	0 	0 	0 	0 	0 	0 	0 	0 
BI/748/1973  	7.378512e+00 	0 	0 	9 	11 	0 	8.862947e+00 	7.754888e+00 	6.321928e+00 	5.000000e+00 	0 	8 	4.500154e+00 	6 	6.000000e+00 	3 	0 	0 	0 	0 	0 	4 	0 	0 	7.000000e+00 	5.192645e+00 	4 	0 	4.500154e+00 	3 	3 	4 	0 	0 	5.000000e+00 	0 	4.000000e+00 	0 	0 	0 	0 	0 	0 	0 	0 	0 	0 	0 	0 	0 	0 	0 	0 	0 	0 	0 	0 	0 	0 	0 	0 	0 	0 	0 	0 	0 	0 	0 	0 	0 	0 	0 	0 	0 	0 	0 	0 	0 	0 
BI/3517/1973  	8 	0 	0 	10 	11 	0 	9 	7.336283e+00 	6.000000e+00 	5.000000e+00 	0 	8 	4.500154e+00 	6 	6.000000e+00 	3 	0 	0 	0 	0 	0 	4 	0 	0 	7.000000e+00 	0 	4 	0 	4.500154e+00 	3 	3 	0 	0 	0 	5.000000e+00 	0 	4.000000e+00 	0 	0 	0 	0 	0 	0 	0 	0 	0 	0 	0 	0 	0 	0 	0 	0 	0 	0 	0 	0 	0 	0 	0 	0 	0 	0 	0 	0 	0 	0 	0 	0 	0 	0 	0 	0 	0 	0 	0 	0 	0 	0 
PC/1/1973  	7.765535e+00 	3 	0 	9 	1.093899e+01 	0 	10 	0 	9 	0 	0 	7.000000e+00 	0 	6 	0 	0 	0 	0 	0 	0 	0 	0 	0 	0 	0 	0 	0 	0 	0 	0 	0 	4 	2 	0 	0 	0 	0 	2 	0 	0 	0 	0 	0 	5.227850e+00 	0 	2.415037e+00 	0 	0 	0 	2.415037e+00 	3.415037e+00 	0 	0 	0 	3.192645e+00 	5.076375e+00 	3 	4.415037e+00 	3.444261e+00 	0 	0 	4 	4 	3.207535e+00 	5.415037e+00 	0 	0 	0 	2.415037e+00 	3 	0 	0 	0 	0 	0 	0 	0 	0 	0 
BI/5146/1974  	7.000000e+00 	0 	0 	8 	10 	0 	10 	7.000000e+00 	0 	0 	5.011315e+00 	0 	0 	6 	0 	3 	0 	0 	0 	0 	0 	4 	0 	0 	0 	0 	4 	0 	0 	3 	0 	0 	0 	0 	0 	0 	0 	0 	0 	0 	0 	0 	0 	0 	0 	0 	0 	0 	0 	0 	0 	0 	0 	0 	0 	0 	0 	0 	0 	0 	0 	0 	0 	0 	0 	0 	0 	0 	0 	0 	0 	0 	0 	0 	0 	0 	0 	0 	0 
BI/5930/1974  	7.000000e+00 	0 	11 	8 	12 	12 	8 	8 	0 	4 	6.333243e+00 	0 	3.500154e+00 	0 	0 	0 	3 	3 	0 	4 	3 	0 	0 	0 	0 	0 	4 	0 	3.500154e+00 	0 	0 	0 	0 	0 	0 	2.499955e+00 	0 	0 	0 	0 	3 	4 	0 	0 	0 	0 	5.250466e+00 	0 	0 	0 	0 	0 	0 	0 	0 	0 	3 	0 	3.444261e+00 	0 	0 	4 	0 	0 	0 	0 	0 	0 	0 	0 	0 	0 	0 	0 	0 	0 	0 	0 	0 
BI/5931/1974  	5.678072e+00 	0 	0 	7.862947e+00 	1.049985e+01 	0 	7.000000e+00 	9 	0 	0 	5.596278e+00 	0 	0 	6 	0 	3 	0 	0 	0 	0 	0 	4 	0 	0 	0 	0 	4 	0 	0 	3 	0 	4 	0 	0 	0 	0 	0 	0 	0 	0 	0 	0 	0 	0 	0 	0 	0 	0 	0 	0 	0 	0 	0 	0 	0 	0 	0 	0 	0 	0 	0 	0 	0 	0 	0 	0 	0 	0 	0 	0 	0 	0 	0 	0 	0 	0 	0 	0 	0 
BI/7398/1974  	6.000000e+00 	0 	0 	8 	12 	0 	9 	7.000000e+00 	0 	0 	5.333243e+00 	0 	0 	0 	0 	0 	0 	0 	0 	0 	0 	0 	0 	0 	0 	0 	0 	0 	0 	0 	0 	0 	0 	0 	0 	0 	0 	0 	0 	0 	0 	0 	0 	0 	0 	0 	0 	0 	0 	0 	0 	0 	0 	0 	0 	0 	0 	0 	0 	0 	0 	0 	0 	0 	0 	0 	0 	0 	0 	0 	0 	0 	0 	0 	0 	0 	0 	0 	0 
BI/9459/1974  	7.584963e+00 	0 	0 	8.292782e+00 	12 	0 	9 	8.666757e+00 	8 	5.000000e+00 	0 	8 	4.500154e+00 	6 	6.000000e+00 	3 	0 	0 	0 	0 	0 	4 	0 	0 	7.000000e+00 	0 	4 	0 	4.500154e+00 	3 	3 	0 	0 	0 	5.000000e+00 	0 	4.000000e+00 	0 	0 	0 	0 	0 	0 	0 	0 	0 	0 	0 	0 	0 	0 	0 	0 	0 	0 	0 	0 	0 	0 	0 	0 	0 	0 	0 	0 	0 	0 	0 	0 	0 	0 	0 	0 	0 	0 	0 	0 	0 	0 
BI/2600/1975  	8 	0 	0 	8 	11 	0 	12 	6.000000e+00 	0 	0 	6.333243e+00 	0 	0 	0 	0 	0 	0 	0 	0 	0 	0 	0 	0 	0 	0 	0 	0 	0 	0 	0 	0 	0 	0 	0 	0 	0 	0 	0 	0 	0 	0 	0 	0 	0 	0 	0 	0 	0 	0 	0 	0 	0 	0 	0 	0 	0 	0 	0 	0 	0 	0 	0 	0 	0 	0 	0 	0 	0 	0 	0 	0 	0 	0 	0 	0 	0 	0 	0 	0 
BI/2813/1975  	7.000000e+00 	0 	10 	8 	11 	12 	8 	7.000000e+00 	0 	4 	7.333243e+00 	0 	3.500154e+00 	0 	0 	0 	3 	3 	0 	4 	3 	0 	0 	0 	0 	0 	4 	0 	3.500154e+00 	0 	0 	0 	0 	0 	0 	2.499955e+00 	0 	0 	0 	0 	3 	4 	0 	0 	0 	0 	5.250466e+00 	0 	0 	0 	0 	0 	0 	0 	0 	0 	3 	0 	3.444261e+00 	0 	0 	4 	0 	0 	0 	0 	0 	0 	0 	0 	0 	0 	0 	0 	0 	0 	0 	0 	0 
VI/3/1975  	0 	3 	0 	8 	11 	0 	9 	0 	12 	0 	0 	9 	0 	6 	0 	0 	0 	0 	0 	0 	0 	0 	6.045804e+00 	0 	0 	0 	0 	0 	0 	0 	0 	6.000000e+00 	0 	0 	0 	0 	3 	0 	0 	0 	0 	0 	0 	5.227850e+00 	0 	0 	0 	0 	0 	2.415037e+00 	0 	0 	0 	0 	0 	0 	0 	0 	0 	0 	0 	0 	0 	0 	0 	0 	0 	0 	0 	0 	0 	0 	0 	0 	0 	0 	0 	0 	0 
BI/628/1976  	5 	0 	0 	6.584963e+00 	9 	0 	7.000000e+00 	7.000000e+00 	0 	0 	1.133324e+01 	0 	0 	8 	0 	8.584963e+00 	0 	0 	0 	0 	0 	8.584963e+00 	0 	0 	0 	0 	9.584963e+00 	0 	0 	8.584963e+00 	0 	0 	0 	0 	0 	0 	0 	0 	0 	0 	0 	0 	0 	0 	0 	0 	0 	0 	0 	0 	0 	0 	0 	0 	0 	0 	0 	0 	0 	0 	0 	0 	0 	0 	0 	0 	0 	0 	0 	0 	0 	0 	0 	0 	0 	0 	0 	0 	0 
BI/1761/1976  	5 	0 	0 	8 	9 	0 	8 	1.066676e+01 	11 	11 	7.333243e+00 	9 	6.500154e+00 	6 	6.000000e+00 	0 	0 	0 	0 	0 	0 	7.000000e+00 	0 	0 	7.000000e+00 	0 	7.000000e+00 	0 	6.500154e+00 	7.000000e+00 	7 	0 	0 	0 	5.000000e+00 	0 	4.000000e+00 	0 	0 	0 	0 	0 	0 	0 	0 	0 	0 	0 	0 	0 	0 	0 	0 	0 	0 	0 	0 	0 	0 	0 	0 	0 	0 	0 	0 	0 	0 	0 	0 	0 	0 	0 	0 	0 	0 	0 	0 	0 	0 
BI/2271/1976  	5 	0 	0 	6.584963e+00 	10 	0 	8 	8 	0 	0 	12 	0 	0 	9 	0 	8.584963e+00 	0 	0 	0 	0 	0 	9 	0 	0 	0 	0 	10 	0 	0 	9 	0 	0 	0 	0 	0 	0 	0 	0 	0 	0 	0 	0 	0 	0 	0 	0 	0 	0 	0 	0 	0 	0 	0 	0 	0 	0 	0 	0 	0 	0 	0 	0 	0 	0 	0 	0 	0 	0 	0 	0 	0 	0 	0 	0 	0 	0 	0 	0 	0 
BI/5029/1976  	5 	0 	0 	7.000000e+00 	8 	0 	6.000000e+00 	1.049985e+01 	1.158496e+01 	11 	7.333243e+00 	9 	6.500154e+00 	0 	8.321928e+00 	4.000000e+00 	0 	0 	0 	0 	0 	0 	0 	0 	7.000000e+00 	0 	0 	0 	6.500154e+00 	7.000000e+00 	7 	0 	0 	0 	5.000000e+00 	0 	4.000000e+00 	0 	0 	0 	0 	0 	0 	0 	0 	0 	0 	0 	0 	0 	0 	0 	0 	0 	0 	0 	0 	0 	0 	0 	0 	0 	0 	0 	0 	0 	0 	0 	0 	0 	0 	0 	0 	0 	0 	0 	0 	0 	0 
BI/5657/1976  	5 	0 	0 	7.000000e+00 	9 	0 	7.000000e+00 	1.049985e+01 	11 	11 	7.626025e+00 	9 	6.500154e+00 	0 	9 	4.000000e+00 	0 	0 	0 	0 	0 	0 	0 	0 	7.000000e+00 	0 	0 	0 	6.500154e+00 	7.321928e+00 	6.584963e+00 	0 	0 	0 	5.000000e+00 	0 	4.000000e+00 	0 	0 	0 	0 	0 	0 	0 	0 	0 	0 	0 	0 	0 	0 	0 	0 	0 	0 	0 	0 	0 	0 	0 	0 	0 	0 	0 	0 	0 	0 	0 	0 	0 	0 	0 	0 	0 	0 	0 	0 	0 	0 
BI/6545/1976  	0 	0 	0 	7.392317e+00 	9 	0 	7.000000e+00 	1.049985e+01 	11 	1.132193e+01 	6.942053e+00 	9 	6.500154e+00 	6 	8.321928e+00 	0 	0 	0 	0 	0 	0 	7.000000e+00 	0 	0 	7.000000e+00 	7.192645e+00 	7.000000e+00 	0 	6.500154e+00 	6.498251e+00 	7 	7.000000e+00 	0 	0 	5.000000e+00 	0 	4.000000e+00 	0 	0 	0 	0 	0 	0 	0 	0 	0 	0 	0 	0 	0 	0 	0 	0 	0 	0 	0 	0 	0 	0 	0 	0 	0 	0 	0 	0 	0 	0 	0 	0 	0 	0 	0 	0 	0 	0 	0 	0 	0 	0 
AM/1609/1977  	5 	0 	9 	8 	9 	11 	7.000000e+00 	12 	0 	12 	7.725561e+00 	0 	3.500154e+00 	6 	0 	6.000000e+00 	8 	3 	0 	7.000000e+00 	8 	8 	0 	0 	0 	0 	7.797013e+00 	0 	7.500154e+00 	7.000000e+00 	0 	0 	0 	0 	0 	2.499955e+00 	0 	0 	0 	0 	3 	4 	0 	0 	0 	0 	5.250466e+00 	0 	0 	0 	0 	0 	0 	0 	0 	0 	3 	0 	3.444261e+00 	0 	0 	4 	0 	0 	0 	0 	0 	0 	0 	0 	0 	0 	0 	0 	0 	0 	0 	0 	0 
BI/3895/1977  	5 	0 	0 	8 	9 	0 	8 	1.066676e+01 	1.080735e+01 	11 	7.278102e+00 	9 	6.500154e+00 	6 	9 	0 	0 	0 	0 	0 	0 	7.584963e+00 	0 	0 	7.000000e+00 	0 	7.584963e+00 	0 	6.500154e+00 	7.000000e+00 	7 	0 	0 	0 	5.000000e+00 	0 	4.000000e+00 	0 	0 	0 	0 	0 	0 	0 	0 	0 	0 	0 	0 	0 	0 	0 	0 	0 	0 	0 	0 	0 	0 	0 	0 	0 	0 	0 	0 	0 	0 	0 	0 	0 	0 	0 	0 	0 	0 	0 	0 	0 	0 
RD/5828/1977  	7.584963e+00 	0 	0 	8 	9 	0 	9 	1.049985e+01 	10 	11 	8.495131e+00 	7.584963e+00 	6.307509e+00 	0 	6.000000e+00 	4.000000e+00 	0 	0 	0 	0 	0 	0 	0 	0 	7.000000e+00 	0 	0 	0 	4.500154e+00 	5.000000e+00 	4.000000e+00 	0 	0 	0 	5.000000e+00 	0 	0 	0 	0 	0 	0 	0 	0 	0 	0 	0 	0 	0 	0 	0 	0 	0 	0 	0 	0 	0 	0 	0 	0 	0 	0 	0 	0 	0 	0 	0 	0 	0 	0 	0 	0 	0 	0 	0 	0 	0 	0 	0 	0 
RD/8179/1977  	7.000000e+00 	0 	0 	8 	10 	0 	8 	1.090328e+01 	11 	12 	7.988595e+00 	9 	6.822082e+00 	0 	8 	4.000000e+00 	0 	0 	0 	0 	0 	0 	0 	0 	7.000000e+00 	0 	0 	0 	6.500154e+00 	7.000000e+00 	7 	0 	0 	0 	5.000000e+00 	0 	4.000000e+00 	0 	0 	0 	0 	0 	0 	0 	0 	0 	0 	0 	0 	0 	0 	0 	0 	0 	0 	0 	0 	0 	0 	0 	0 	0 	0 	0 	0 	0 	0 	0 	0 	0 	0 	0 	0 	0 	0 	0 	0 	0 	0 
TE/1/1977  	0 	3 	0 	6.000000e+00 	9 	0 	4 	0 	9 	0 	8.965512e+00 	12 	0 	1.066676e+01 	0 	10 	0 	0 	0 	0 	0 	9.632268e+00 	9.045804e+00 	0 	0 	0 	9.501439e+00 	10 	0 	8.501439e+00 	0 	9 	4.000000e+00 	3.333243e+00 	0 	0 	3 	2 	0 	0 	0 	0 	0 	5.227850e+00 	0 	0 	0 	0 	0 	2.415037e+00 	0 	0 	0 	0 	0 	0 	0 	0 	0 	0 	0 	0 	0 	0 	0 	0 	0 	0 	0 	0 	0 	0 	0 	0 	0 	0 	0 	0 	0 
NL/209/1980  	5 	0 	5 	3.584963e+00 	0 	8 	4 	6.510962e+00 	9.807355e+00 	8.498251e+00 	9.728992e+00 	12 	12 	1.091648e+01 	1.166676e+01 	0 	11 	12 	1.141504e+01 	11 	11 	1.039917e+01 	0 	0 	1.058496e+01 	1.177761e+01 	1.066676e+01 	0 	1.066103e+01 	10 	12 	10 	0 	6.333243e+00 	5.321928e+00 	0 	4.000000e+00 	0 	0 	0 	3 	4 	0 	0 	0 	0 	5.250466e+00 	0 	0 	0 	0 	0 	0 	0 	0 	0 	3 	0 	3.444261e+00 	0 	0 	4 	0 	0 	0 	0 	0 	0 	0 	0 	0 	0 	0 	0 	0 	0 	0 	0 	0 
RD/577/1980  	5 	0 	5 	3 	0 	8 	4 	6.405992e+00 	10 	9 	1.049513e+01 	12 	1.143620e+01 	1.049825e+01 	1.149985e+01 	1.066676e+01 	12 	11 	1.141504e+01 	12 	11 	1.039575e+01 	0 	0 	1.016189e+01 	12 	1.066676e+01 	0 	1.050015e+01 	9.602884e+00 	1.166089e+01 	1.058496e+01 	0 	6.333243e+00 	5.485427e+00 	0 	4.000000e+00 	0 	0 	0 	3 	4 	0 	0 	0 	0 	5.250466e+00 	0 	0 	0 	0 	0 	0 	0 	0 	0 	3 	0 	3.444261e+00 	0 	0 	4 	0 	0 	0 	0 	0 	0 	0 	0 	0 	0 	0 	0 	0 	0 	0 	0 	0 
BI/4791/1981  	0 	0 	0 	0 	0 	0 	0 	0 	0 	0 	1.033324e+01 	12 	0 	1.150144e+01 	12 	1.049985e+01 	0 	0 	1.141504e+01 	0 	0 	1.049985e+01 	0 	0 	0 	0 	0 	0 	0 	11 	0 	0 	0 	0 	0 	9.499955e+00 	0 	0 	0 	0 	0 	0 	0 	0 	0 	0 	0 	0 	0 	0 	0 	0 	0 	0 	0 	0 	0 	0 	0 	0 	0 	0 	0 	0 	0 	0 	0 	0 	0 	0 	0 	0 	0 	0 	0 	0 	0 	0 	0 
BI/10684/1982  	0 	0 	0 	0 	0 	0 	0 	0 	0 	0 	1.133324e+01 	12 	0 	1.150144e+01 	1.149985e+01 	1.149985e+01 	0 	0 	12 	0 	0 	11 	0 	0 	0 	0 	0 	0 	0 	11 	0 	0 	0 	0 	0 	8.499955e+00 	0 	0 	0 	0 	0 	0 	0 	0 	0 	0 	0 	0 	0 	0 	0 	0 	0 	0 	0 	0 	0 	0 	0 	0 	0 	0 	0 	0 	0 	0 	0 	0 	0 	0 	0 	0 	0 	0 	0 	0 	0 	0 	0 
NL/233/1982  	0 	0 	5 	0 	0 	5 	0 	5.000000e+00 	8.321928e+00 	8.498251e+00 	0 	10 	10 	0 	11 	9 	10 	10 	0 	12 	12 	0 	0 	0 	9.584963e+00 	0 	12 	0 	10 	9.584963e+00 	10 	0 	0 	0 	6.000000e+00 	4.499955e+00 	4.000000e+00 	0 	0 	0 	3 	4 	0 	0 	0 	0 	5.250466e+00 	0 	0 	0 	0 	0 	0 	0 	0 	0 	3 	0 	3.444261e+00 	0 	0 	4 	0 	0 	0 	0 	0 	0 	0 	0 	0 	0 	0 	0 	0 	0 	0 	0 	0 
NL/241/1982  	0 	0 	5 	0 	0 	5 	0 	6.000000e+00 	9 	8.104337e+00 	8.655172e+00 	11 	1.010304e+01 	0 	1.180735e+01 	10 	11 	9 	0 	11 	11 	0 	0 	0 	9.498251e+00 	0 	11 	0 	1.050015e+01 	10 	1.049985e+01 	0 	0 	0 	6.000000e+00 	5.499955e+00 	4.807355e+00 	0 	0 	0 	3 	4 	0 	0 	0 	0 	5.250466e+00 	0 	0 	0 	0 	0 	0 	0 	0 	0 	3 	0 	3.444261e+00 	0 	0 	4 	0 	0 	0 	0 	0 	0 	0 	0 	0 	0 	0 	0 	0 	0 	0 	0 	0 
PH/2/1982  	5 	3 	0 	3 	4 	0 	4 	0 	4 	0 	0 	10 	0 	0 	0 	7.292782e+00 	0 	0 	0 	0 	11 	0 	12 	11 	8 	0 	1.029278e+01 	11 	0 	8.529821e+00 	0 	8.498251e+00 	5.000000e+00 	7.581171e+00 	0 	7.499955e+00 	3 	2 	0 	0 	0 	0 	0 	5.227850e+00 	0 	2.415037e+00 	0 	0 	0 	2.415037e+00 	3.415037e+00 	0 	0 	0 	3.192645e+00 	5.076375e+00 	3 	4.415037e+00 	3.444261e+00 	0 	0 	4 	4 	3.207535e+00 	5.415037e+00 	0 	0 	0 	2.415037e+00 	3 	0 	0 	0 	0 	0 	0 	0 	0 	0 
OS/13676/1983  	0 	0 	0 	0 	0 	0 	0 	0 	0 	0 	0 	12 	0 	12 	12 	12 	0 	0 	0 	0 	0 	12 	0 	0 	0 	0 	0 	0 	0 	11 	0 	0 	0 	0 	0 	9.499955e+00 	0 	0 	0 	0 	0 	0 	0 	0 	0 	0 	0 	0 	0 	0 	0 	0 	0 	0 	0 	0 	0 	0 	0 	0 	0 	0 	0 	0 	0 	0 	0 	0 	0 	0 	0 	0 	0 	0 	0 	0 	0 	0 	0 
CE/1/1984  	0 	0 	0 	0 	0 	0 	0 	0 	0 	0 	9.333243e+00 	0 	0 	8 	0 	0 	0 	0 	0 	0 	0 	8 	0 	12 	12 	0 	0 	12 	0 	0 	0 	9 	0 	0 	0 	8.499955e+00 	0 	0 	0 	0 	0 	0 	0 	0 	0 	0 	0 	0 	0 	0 	0 	0 	0 	0 	0 	0 	0 	0 	0 	0 	0 	0 	0 	0 	0 	0 	0 	0 	0 	0 	0 	0 	0 	0 	0 	0 	0 	0 	0 
GF/V728/1985  	0 	0 	0 	0 	0 	0 	0 	0 	0 	0 	7.333243e+00 	0 	0 	8 	0 	7.584963e+00 	0 	0 	0 	0 	0 	9 	0 	0 	0 	0 	11 	0 	0 	10 	0 	0 	0 	0 	0 	0 	0 	0 	0 	0 	0 	0 	0 	0 	0 	0 	0 	0 	0 	0 	0 	0 	0 	0 	0 	0 	0 	0 	0 	0 	0 	0 	0 	0 	0 	0 	0 	0 	0 	0 	0 	0 	0 	0 	0 	0 	0 	0 	0 
NL/330/1985  	0 	0 	5 	0 	0 	5 	0 	5.000000e+00 	8 	0 	8.333243e+00 	9 	8.962861e+00 	8 	11 	8.661065e+00 	9 	8 	0 	9 	10 	11 	0 	0 	1.079181e+01 	0 	1.149985e+01 	0 	1.066103e+01 	1.090388e+01 	1.179246e+01 	0 	0 	0 	7.498251e+00 	7.499955e+00 	4.321928e+00 	0 	0 	0 	3 	4 	0 	0 	0 	0 	5.250466e+00 	0 	0 	0 	0 	0 	0 	0 	0 	0 	3 	0 	3.444261e+00 	0 	0 	4 	0 	0 	0 	0 	0 	0 	0 	0 	0 	0 	0 	0 	0 	0 	0 	0 	0 
ST/10/1985  	0 	0 	5 	0 	0 	5 	0 	6.000000e+00 	7.000000e+00 	0 	0 	9 	8.662042e+00 	0 	11 	8 	9 	8 	0 	9 	11 	0 	0 	0 	1.132193e+01 	0 	12 	0 	12 	11 	1.180735e+01 	0 	0 	0 	10 	8.499955e+00 	7.000000e+00 	0 	0 	0 	3 	7.000000e+00 	0 	0 	0 	0 	5.250466e+00 	0 	0 	0 	0 	0 	0 	0 	0 	0 	3 	0 	3.444261e+00 	0 	0 	4 	0 	0 	0 	0 	0 	0 	0 	0 	0 	0 	0 	0 	0 	0 	0 	0 	0 
WE/4/1985  	5 	0 	0 	3 	0 	0 	4 	5.000000e+00 	0 	0 	8.130256e+00 	0 	0 	8.321928e+00 	0 	8.057450e+00 	0 	0 	0 	0 	0 	9.799605e+00 	0 	0 	0 	1.119265e+01 	1.049985e+01 	11 	0 	1.075020e+01 	0 	1.158496e+01 	0 	8.333243e+00 	9.791814e+00 	9.499955e+00 	0 	0 	0 	0 	0 	0 	0 	0 	0 	0 	0 	0 	0 	0 	0 	0 	0 	0 	0 	0 	0 	0 	0 	0 	0 	0 	0 	0 	0 	0 	0 	0 	0 	0 	0 	0 	0 	0 	0 	0 	0 	0 	0 
CO/2/1986  	5 	0 	5 	3 	0 	5 	4 	5.485427e+00 	7.584963e+00 	0 	8.333243e+00 	9.321928e+00 	7.998405e+00 	7.765535e+00 	1.158496e+01 	8.270529e+00 	9 	8 	0 	9 	11 	9.835419e+00 	0 	0 	9.321928e+00 	1.119265e+01 	11 	11 	12 	1.089603e+01 	12 	12 	0 	6.918206e+00 	8.990955e+00 	9.499955e+00 	7.000000e+00 	0 	0 	0 	3 	7.000000e+00 	0 	0 	0 	0 	5.250466e+00 	0 	0 	0 	0 	0 	0 	0 	0 	0 	3 	0 	3.444261e+00 	0 	0 	4 	0 	0 	0 	0 	0 	0 	0 	0 	0 	0 	0 	0 	0 	0 	0 	0 	0 
LE/360/1986  	0 	3 	0 	3 	4 	0 	4 	0 	4 	0 	7.831494e+00 	0 	0 	0 	0 	7.000000e+00 	0 	0 	0 	0 	7.000000e+00 	9 	8.045804e+00 	9 	8 	0 	9.501439e+00 	10 	0 	1.048059e+01 	0 	10 	7 	5.844205e+00 	8 	8.999801e+00 	3 	5.000000e+00 	0 	0 	0 	0 	0 	5.227850e+00 	0 	0 	0 	0 	0 	0 	0 	0 	0 	0 	0 	0 	0 	0 	0 	0 	0 	0 	0 	0 	0 	0 	0 	0 	0 	0 	0 	0 	0 	0 	0 	0 	0 	0 	0 
SH/11/1987  	0 	3 	0 	3 	4 	0 	4 	0 	4 	0 	0 	4 	0 	6 	0 	0 	0 	0 	0 	0 	0 	0 	4.045804e+00 	0 	0 	0 	8 	0 	0 	9.599913e+00 	7 	7.000000e+00 	9.333603e+00 	9.833089e+00 	9 	1.109987e+01 	5.744161e+00 	0 	7 	0 	7.000000e+00 	0 	0 	5.227850e+00 	0 	0 	0 	0 	0 	2.415037e+00 	0 	0 	0 	0 	0 	0 	0 	0 	0 	0 	0 	0 	0 	0 	0 	0 	0 	0 	0 	0 	0 	0 	0 	0 	0 	0 	0 	0 	0 
SI/2/1987  	5 	3 	0 	3 	4 	0 	4 	0 	4 	0 	6.140598e+00 	8.584963e+00 	0 	0 	0 	4.584963e+00 	0 	0 	0 	0 	0 	6.292782e+00 	8.367732e+00 	0 	0 	0 	8.791814e+00 	0 	0 	0 	7 	8 	1.049985e+01 	1.084421e+01 	0 	1.083311e+01 	7.626439e+00 	8.499846e+00 	7 	0 	5.000000e+00 	0 	0 	7.460511e+00 	0 	2.415037e+00 	0 	0 	0 	2.415037e+00 	3.415037e+00 	0 	0 	0 	3.192645e+00 	5.076375e+00 	3 	4.415037e+00 	3.444261e+00 	0 	0 	4 	4 	3.207535e+00 	5.415037e+00 	0 	0 	0 	2.415037e+00 	3 	0 	0 	0 	0 	0 	0 	0 	0 	0 
VI/7/1987  	0 	0 	0 	0 	0 	0 	0 	0 	0 	0 	6.534877e+00 	0 	0 	7.000000e+00 	0 	5.944858e+00 	0 	0 	0 	0 	0 	6.104337e+00 	0 	0 	0 	0 	9.022368e+00 	0 	0 	8.554589e+00 	0 	0 	8.332708e+00 	7.732415e+00 	1.116692e+01 	9.299560e+00 	0 	0 	0 	0 	0 	0 	0 	0 	0 	0 	0 	0 	0 	0 	0 	0 	0 	0 	0 	0 	0 	0 	0 	0 	0 	0 	0 	0 	0 	0 	0 	0 	0 	0 	0 	0 	0 	0 	0 	0 	0 	0 	0 
CC/2/1988  	0 	0 	0 	0 	0 	0 	0 	0 	0 	0 	5.333243e+00 	0 	0 	0 	0 	7.000000e+00 	0 	0 	0 	0 	0 	10 	0 	0 	0 	0 	1.066676e+01 	0 	0 	12 	0 	0 	0 	5.333243e+00 	9 	9.499955e+00 	0 	0 	0 	0 	0 	0 	0 	0 	0 	0 	0 	0 	0 	0 	0 	0 	0 	0 	0 	0 	0 	0 	0 	0 	0 	0 	0 	0 	0 	0 	0 	0 	0 	0 	0 	0 	0 	0 	0 	0 	0 	0 	0 
EN/427/1988  	0 	0 	0 	0 	0 	0 	0 	0 	0 	0 	0 	0 	0 	0 	0 	0 	0 	0 	0 	0 	0 	0 	0 	0 	0 	0 	9 	0 	0 	10 	0 	0 	0 	1.133324e+01 	10 	1.049995e+01 	0 	0 	0 	0 	0 	0 	0 	0 	0 	0 	0 	0 	0 	0 	0 	0 	0 	0 	0 	0 	0 	0 	0 	0 	0 	0 	0 	0 	0 	0 	0 	0 	0 	0 	0 	0 	0 	0 	0 	0 	0 	0 	0 
NL/450/1988  	0 	0 	5 	0 	0 	5 	0 	5.000000e+00 	5.000000e+00 	0 	6.711755e+00 	7.584963e+00 	0 	6.847997e+00 	9 	0 	3 	3 	0 	4 	3 	6.700440e+00 	0 	0 	9.807355e+00 	0 	9.797013e+00 	0 	1.050015e+01 	1.111582e+01 	1.086450e+01 	0 	1.159991e+01 	1.145840e+01 	1.047573e+01 	1.164283e+01 	8.108524e+00 	12 	11 	0 	9.749534e+00 	9 	0 	0 	0 	0 	5.250466e+00 	0 	0 	0 	0 	0 	0 	0 	0 	0 	3 	0 	3.444261e+00 	0 	0 	4 	0 	0 	0 	0 	0 	0 	0 	0 	0 	0 	0 	0 	0 	0 	0 	0 	0 
ST/12/1988  	0 	0 	0 	0 	0 	0 	0 	0 	0 	0 	6.333243e+00 	0 	0 	8 	0 	6.000000e+00 	0 	0 	0 	0 	0 	6.000000e+00 	0 	0 	0 	0 	9.332708e+00 	0 	0 	0 	11 	0 	12 	12 	1.066676e+01 	0 	8 	12 	11 	0 	10 	0 	0 	0 	0 	0 	0 	0 	0 	0 	0 	0 	0 	0 	0 	0 	0 	0 	0 	0 	0 	0 	0 	0 	0 	0 	0 	0 	0 	0 	0 	0 	0 	0 	0 	0 	0 	0 	0 
AT/211/1989  	0 	0 	0 	0 	0 	0 	0 	0 	0 	0 	0 	0 	0 	0 	0 	0 	0 	0 	0 	0 	0 	0 	0 	0 	0 	0 	8 	0 	0 	10 	9 	0 	10 	8.333243e+00 	12 	1.049995e+01 	0 	0 	11 	0 	0 	0 	0 	0 	0 	0 	0 	0 	0 	0 	0 	0 	0 	0 	0 	0 	0 	0 	0 	0 	0 	0 	0 	0 	0 	0 	0 	0 	0 	0 	0 	0 	0 	0 	0 	0 	0 	0 	0 
BE/352/1989  	0 	0 	0 	0 	0 	0 	0 	0 	0 	0 	0 	0 	0 	0 	0 	0 	0 	0 	0 	0 	0 	0 	0 	0 	0 	0 	0 	0 	0 	7.000000e+00 	7.584963e+00 	0 	6.584963e+00 	6.918206e+00 	0 	7.499955e+00 	1.086666e+01 	0 	8 	8 	8.584963e+00 	11 	6.839120e+00 	0 	8.500154e+00 	0 	7.250466e+00 	0 	6.192645e+00 	5.000000e+00 	0 	0 	5.000000e+00 	0 	6.000000e+00 	4.076375e+00 	0 	0 	0 	0 	0 	4 	0 	0 	0 	0 	0 	0 	0 	0 	0 	0 	0 	0 	0 	0 	0 	0 	0 
BE/353/1989  	5 	3 	0 	3 	4 	0 	4 	5.000000e+00 	4 	5.000000e+00 	5.333243e+00 	4 	4.500154e+00 	6 	6.000000e+00 	4.000000e+00 	0 	0 	0 	0 	0 	0 	4.045804e+00 	0 	7.000000e+00 	0 	0 	0 	6.500154e+00 	7.498251e+00 	7 	7.000000e+00 	5.797013e+00 	6.918206e+00 	9.584963e+00 	7.499955e+00 	1.021723e+01 	5.000000e+00 	8 	6.517276e+00 	9 	9.517276e+00 	5.324547e+00 	6.298240e+00 	7.906146e+00 	1.415037e+00 	5.250466e+00 	0 	0 	1.415037e+00 	2.415037e+00 	0 	1 	0 	2.192645e+00 	4.076375e+00 	3 	4.415037e+00 	3.444261e+00 	0 	0 	0 	4 	3.207535e+00 	5.415037e+00 	0 	0 	0 	2.415037e+00 	3 	0 	0 	0 	0 	0 	0 	0 	0 	0 
GE/5007/1989  	0 	0 	0 	0 	0 	0 	0 	0 	0 	0 	0 	0 	0 	0 	0 	0 	0 	0 	0 	0 	0 	0 	0 	0 	0 	0 	9 	0 	0 	1.066676e+01 	10 	0 	11 	1.033324e+01 	1.049985e+01 	1.116671e+01 	0 	12 	11 	0 	0 	0 	0 	0 	0 	0 	0 	0 	0 	0 	0 	0 	0 	0 	0 	0 	0 	0 	0 	0 	0 	0 	0 	0 	0 	0 	0 	0 	0 	0 	0 	0 	0 	0 	0 	0 	0 	0 	0 
GU/54/1989  	0 	3 	0 	3 	4 	0 	4 	0 	4 	0 	0 	7.584963e+00 	0 	6 	0 	0 	0 	0 	0 	0 	0 	0 	4.045804e+00 	0 	0 	0 	8 	0 	0 	9 	6.000000e+00 	7.000000e+00 	0 	9.132849e+00 	7.000000e+00 	9.499955e+00 	6.000000e+00 	0 	7 	0 	7.000000e+00 	0 	0 	7.227850e+00 	0 	0 	0 	0 	0 	4.415037e+00 	0 	0 	0 	0 	0 	0 	0 	0 	0 	0 	0 	0 	0 	0 	0 	0 	0 	0 	0 	0 	0 	0 	0 	0 	0 	0 	0 	0 	0 
HK/1/1989  	0 	0 	0 	0 	0 	0 	0 	0 	0 	0 	0 	0 	0 	0 	0 	0 	0 	0 	0 	0 	0 	0 	0 	0 	0 	0 	9 	0 	0 	11 	10 	0 	1.119992e+01 	1.033324e+01 	1.049985e+01 	1.149995e+01 	8 	12 	1.120004e+01 	0 	9 	0 	0 	0 	0 	0 	0 	0 	0 	0 	0 	0 	0 	0 	0 	0 	0 	0 	0 	0 	0 	0 	0 	0 	0 	0 	0 	0 	0 	0 	0 	0 	0 	0 	0 	0 	0 	0 	0 
NL/620/1989  	0 	0 	5 	0 	0 	5 	0 	5.000000e+00 	5.000000e+00 	0 	0 	5.000000e+00 	3.500154e+00 	0 	7.000000e+00 	4.000000e+00 	3 	3 	0 	4 	3 	0 	0 	0 	8 	0 	9.501439e+00 	0 	10 	1.079246e+01 	10 	0 	12 	1.033324e+01 	11 	1.049995e+01 	8.321928e+00 	12 	12 	0 	8 	10 	0 	0 	0 	0 	5.250466e+00 	0 	0 	0 	0 	0 	0 	0 	0 	0 	3 	0 	3.444261e+00 	0 	0 	4 	0 	0 	0 	0 	0 	0 	0 	0 	0 	0 	0 	0 	0 	0 	0 	0 	0 
NL/650/1989  	0 	0 	0 	0 	0 	0 	0 	0 	0 	0 	0 	0 	0 	0 	0 	0 	0 	0 	0 	0 	0 	0 	0 	0 	0 	0 	8 	0 	0 	9.666757e+00 	7 	0 	11 	9.333243e+00 	7.000000e+00 	9.499955e+00 	0 	12 	10 	0 	0 	0 	0 	0 	0 	0 	0 	0 	0 	0 	0 	0 	0 	0 	0 	0 	0 	0 	0 	0 	0 	0 	0 	0 	0 	0 	0 	0 	0 	0 	0 	0 	0 	0 	0 	0 	0 	0 	0 
NL/738/1989  	0 	0 	0 	0 	0 	0 	0 	0 	0 	0 	0 	0 	0 	0 	0 	0 	0 	0 	0 	0 	0 	0 	0 	0 	0 	0 	7.498251e+00 	0 	0 	9 	6.666757e+00 	0 	11 	8.333243e+00 	5.485427e+00 	9.499955e+00 	0 	10 	10 	0 	0 	0 	0 	0 	0 	0 	0 	0 	0 	0 	0 	0 	0 	0 	0 	0 	0 	0 	0 	0 	0 	0 	0 	0 	0 	0 	0 	0 	0 	0 	0 	0 	0 	0 	0 	0 	0 	0 	0 
SP/34/1989  	0 	0 	0 	0 	0 	0 	0 	0 	0 	0 	0 	0 	0 	0 	0 	0 	0 	0 	0 	0 	0 	0 	0 	0 	0 	0 	8 	0 	0 	10 	8 	0 	10 	8.333243e+00 	8 	9.499955e+00 	0 	0 	11 	0 	0 	0 	0 	0 	0 	0 	0 	0 	0 	0 	0 	0 	0 	0 	0 	0 	0 	0 	0 	0 	0 	0 	0 	0 	0 	0 	0 	0 	0 	0 	0 	0 	0 	0 	0 	0 	0 	0 	0 
SP/35/1989  	0 	0 	0 	0 	0 	0 	0 	0 	0 	0 	0 	0 	0 	0 	0 	0 	0 	0 	0 	0 	0 	0 	0 	0 	0 	0 	8 	0 	0 	10 	9.800253e+00 	0 	10 	9.132849e+00 	9.501439e+00 	1.030021e+01 	8 	11 	11 	0 	9 	0 	0 	0 	0 	0 	0 	0 	0 	0 	0 	0 	0 	0 	0 	0 	0 	0 	0 	0 	0 	0 	0 	0 	0 	0 	0 	0 	0 	0 	0 	0 	0 	0 	0 	0 	0 	0 	0 
SP/36/1989  	0 	0 	0 	0 	0 	0 	0 	0 	0 	0 	0 	0 	0 	0 	0 	0 	0 	0 	0 	0 	0 	0 	0 	0 	0 	0 	8 	0 	0 	9 	8 	0 	10 	8.333243e+00 	9 	8.499955e+00 	0 	0 	10 	0 	0 	0 	0 	0 	0 	0 	0 	0 	0 	0 	0 	0 	0 	0 	0 	0 	0 	0 	0 	0 	0 	0 	0 	0 	0 	0 	0 	0 	0 	0 	0 	0 	0 	0 	0 	0 	0 	0 	0 
SP/40/1989  	0 	0 	0 	0 	0 	0 	0 	0 	0 	0 	0 	0 	0 	0 	0 	0 	0 	0 	0 	0 	0 	0 	0 	0 	0 	0 	8 	0 	0 	8.332708e+00 	8.332708e+00 	0 	10 	8.333243e+00 	1.149985e+01 	9.499955e+00 	0 	10 	1.033338e+01 	0 	0 	0 	0 	0 	0 	0 	0 	0 	0 	0 	0 	0 	0 	0 	0 	0 	0 	0 	0 	0 	0 	0 	0 	0 	0 	0 	0 	0 	0 	0 	0 	0 	0 	0 	0 	0 	0 	0 	0 
SP/53/1989  	0 	0 	0 	0 	0 	0 	0 	0 	0 	0 	0 	0 	0 	0 	0 	0 	0 	0 	0 	0 	0 	0 	0 	0 	0 	0 	9 	0 	0 	9 	10 	0 	10 	1.133324e+01 	10 	1.049995e+01 	0 	0 	11 	0 	0 	0 	0 	0 	0 	0 	0 	0 	0 	0 	0 	0 	0 	0 	0 	0 	0 	0 	0 	0 	0 	0 	0 	0 	0 	0 	0 	0 	0 	0 	0 	0 	0 	0 	0 	0 	0 	0 	0 
VI/1/1989  	0 	0 	0 	0 	0 	0 	0 	0 	0 	0 	0 	0 	0 	0 	0 	0 	0 	0 	0 	0 	0 	0 	0 	0 	0 	0 	8 	0 	0 	8 	7 	0 	11 	8.333243e+00 	6.000000e+00 	7.499955e+00 	0 	0 	7 	0 	0 	0 	0 	0 	0 	0 	0 	0 	0 	0 	0 	0 	0 	0 	0 	0 	0 	0 	0 	0 	0 	0 	0 	0 	0 	0 	0 	0 	0 	0 	0 	0 	0 	0 	0 	0 	0 	0 	0 
WE/5/1989  	0 	0 	0 	0 	0 	0 	0 	0 	0 	0 	0 	0 	0 	0 	0 	0 	0 	0 	0 	0 	0 	0 	0 	0 	0 	0 	0 	0 	0 	8.666757e+00 	7.666757e+00 	0 	1.033316e+01 	0 	9.501439e+00 	1.049995e+01 	0 	9 	9.333155e+00 	0 	0 	0 	0 	0 	0 	0 	0 	0 	0 	0 	0 	0 	0 	0 	0 	0 	0 	0 	0 	0 	0 	0 	0 	0 	0 	0 	0 	0 	0 	0 	0 	0 	0 	0 	0 	0 	0 	0 	0 
ME/2/1990  	0 	0 	0 	0 	0 	0 	0 	0 	0 	0 	0 	0 	0 	0 	0 	0 	0 	0 	0 	0 	0 	0 	0 	0 	0 	0 	8 	0 	0 	10 	0 	0 	12 	0 	1.049985e+01 	1.149995e+01 	7.000000e+00 	12 	11 	0 	8 	0 	0 	0 	0 	0 	0 	0 	0 	0 	0 	0 	0 	0 	0 	0 	0 	0 	0 	0 	0 	0 	0 	0 	0 	0 	0 	0 	0 	0 	0 	0 	0 	0 	0 	0 	0 	0 	0 
ME/5/1990  	0 	0 	0 	0 	0 	0 	0 	0 	0 	0 	0 	0 	0 	0 	0 	0 	0 	0 	0 	0 	0 	0 	0 	0 	0 	0 	8 	0 	0 	11 	11 	0 	11 	8.333243e+00 	11 	1.049995e+01 	0 	0 	11 	0 	0 	0 	0 	0 	0 	0 	0 	0 	0 	0 	0 	0 	0 	0 	0 	0 	0 	0 	0 	0 	0 	0 	0 	0 	0 	0 	0 	0 	0 	0 	0 	0 	0 	0 	0 	0 	0 	0 	0 
SH/24/1990  	0 	0 	0 	0 	0 	0 	0 	0 	0 	0 	0 	0 	0 	0 	0 	0 	0 	0 	0 	0 	0 	0 	0 	0 	0 	0 	0 	0 	0 	0 	0 	0 	11 	7.333243e+00 	0 	7.499955e+00 	7.000000e+00 	0 	8 	12 	5.000000e+00 	7.000000e+00 	9.839120e+00 	0 	1.150015e+01 	3.415037e+00 	7.250466e+00 	0 	7.984459e+00 	4.222392e+00 	2.415037e+00 	0 	3 	0 	2.192645e+00 	0 	0 	0 	0 	0 	0 	4.847997e+00 	0 	0 	0 	0 	0 	0 	0 	0 	0 	0 	0 	0 	0 	0 	0 	0 	0 
SU/1/1990  	0 	0 	0 	0 	0 	0 	0 	0 	0 	0 	0 	0 	0 	0 	0 	0 	0 	0 	0 	0 	0 	0 	0 	0 	0 	0 	9 	0 	0 	11 	10 	0 	11 	1.033324e+01 	11 	1.149995e+01 	0 	12 	11 	0 	0 	0 	0 	0 	0 	0 	0 	0 	0 	0 	0 	0 	0 	0 	0 	0 	0 	0 	0 	0 	0 	0 	0 	0 	0 	0 	0 	0 	0 	0 	0 	0 	0 	0 	0 	0 	0 	0 	0 
VI/2/1990  	0 	0 	5 	0 	0 	5 	0 	0 	0 	4 	0 	0 	3.500154e+00 	0 	0 	0 	3 	3 	0 	4 	3 	0 	0 	0 	0 	0 	0 	0 	9.500154e+00 	8 	8 	0 	6.399171e+00 	7.333243e+00 	11 	8.166711e+00 	10 	7 	9.400026e+00 	0 	1.059991e+01 	1.149985e+01 	7.839120e+00 	0 	0 	0 	5.250466e+00 	0 	0 	0 	0 	0 	0 	0 	0 	0 	3 	0 	3.444261e+00 	0 	0 	5.000000e+00 	0 	0 	0 	0 	0 	0 	0 	0 	0 	0 	0 	0 	0 	0 	0 	0 	0 
CA/1/1991  	0 	0 	0 	0 	0 	0 	0 	0 	0 	0 	0 	0 	0 	0 	0 	0 	0 	0 	0 	0 	0 	0 	0 	0 	0 	0 	0 	0 	0 	1.149985e+01 	1.049985e+01 	0 	1.150005e+01 	1.033324e+01 	0 	12 	8.501439e+00 	0 	11 	0 	9 	0 	0 	0 	0 	0 	0 	0 	0 	0 	0 	0 	0 	0 	0 	0 	0 	0 	0 	0 	0 	0 	0 	0 	0 	0 	0 	0 	0 	0 	0 	0 	0 	0 	0 	0 	0 	0 	0 
EN/260/1991  	0 	0 	0 	0 	0 	0 	0 	0 	0 	0 	0 	0 	0 	0 	0 	0 	0 	0 	0 	0 	0 	0 	0 	0 	0 	0 	0 	0 	0 	8 	9 	0 	6.000000e+00 	6.831494e+00 	0 	8.499955e+00 	10 	0 	9.499846e+00 	0 	11 	0 	0 	0 	0 	0 	0 	0 	5.192645e+00 	1.415037e+00 	0 	0 	3 	0 	4.040642e+00 	4.076375e+00 	0 	0 	0 	0 	0 	4.584963e+00 	0 	0 	0 	0 	0 	0 	0 	0 	0 	0 	0 	0 	0 	0 	0 	0 	0 
EN/261/1991  	0 	0 	0 	0 	0 	0 	0 	0 	0 	0 	0 	0 	0 	0 	0 	0 	0 	0 	0 	0 	0 	0 	0 	0 	0 	0 	0 	0 	0 	6.666757e+00 	7.332708e+00 	0 	5.336283e+00 	5.333243e+00 	0 	7.499955e+00 	9 	0 	8.333603e+00 	0 	9.666757e+00 	0 	0 	0 	0 	0 	0 	0 	7.192645e+00 	6.000000e+00 	0 	0 	5.807355e+00 	0 	6.777608e+00 	5.076375e+00 	0 	0 	0 	0 	0 	5.321928e+00 	0 	0 	0 	0 	0 	0 	0 	0 	0 	0 	0 	0 	0 	0 	0 	0 	0 
GE/6447/1991  	0 	0 	0 	0 	0 	0 	0 	0 	0 	0 	0 	0 	0 	0 	0 	0 	0 	0 	0 	0 	0 	0 	0 	0 	0 	0 	0 	0 	0 	6.000000e+00 	7 	0 	5.000000e+00 	6.333243e+00 	0 	7.499955e+00 	9 	0 	8 	0 	10 	0 	0 	0 	0 	0 	0 	0 	4.777608e+00 	1.415037e+00 	0 	0 	4.000000e+00 	0 	4.192645e+00 	4.076375e+00 	0 	0 	0 	0 	0 	5.321928e+00 	0 	0 	0 	0 	0 	0 	0 	0 	0 	0 	0 	0 	0 	0 	0 	0 	0 
LY/1149/1991  	0 	0 	5 	0 	0 	5 	0 	0 	0 	4 	0 	0 	3.500154e+00 	0 	0 	0 	3 	3 	0 	4 	3 	0 	0 	0 	0 	0 	4 	0 	9.500154e+00 	7.000000e+00 	7 	0 	5.000000e+00 	6.333243e+00 	0 	6.836238e+00 	9 	0 	8 	4.827819e+00 	9.666757e+00 	12 	0 	0 	7.500154e+00 	4.415037e+00 	0 	7.442345e+00 	0 	0 	0 	9 	5.000000e+00 	6.853813e+00 	0 	7.076375e+00 	0 	6.415037e+00 	0 	0 	0 	0 	0 	0 	0 	0 	0 	0 	0 	0 	0 	0 	0 	0 	0 	0 	0 	0 	0 
LY/1182/1991  	0 	0 	0 	0 	0 	0 	0 	0 	0 	0 	0 	0 	0 	0 	0 	0 	0 	0 	0 	0 	0 	0 	0 	0 	0 	0 	0 	0 	0 	7.000000e+00 	7 	0 	4.744161e+00 	6.077405e+00 	0 	7.499955e+00 	9.749534e+00 	0 	8 	0 	10 	12 	5.839120e+00 	0 	0 	0 	0 	0 	6.192645e+00 	4.415037e+00 	0 	0 	4.321928e+00 	0 	4.192645e+00 	6.076375e+00 	0 	0 	0 	0 	0 	6.000000e+00 	0 	0 	0 	0 	0 	0 	0 	0 	0 	0 	0 	0 	0 	0 	0 	0 	0 
LY/1189/1991  	0 	0 	0 	0 	0 	0 	0 	0 	0 	0 	0 	0 	0 	0 	0 	0 	0 	0 	0 	0 	0 	0 	0 	0 	0 	0 	0 	0 	0 	7.000000e+00 	8 	0 	5.000000e+00 	6.333243e+00 	0 	8.499955e+00 	11 	0 	9 	0 	11 	0 	0 	0 	0 	0 	0 	0 	5.192645e+00 	3.263034e+00 	0 	0 	4.000000e+00 	0 	4.040642e+00 	4.076375e+00 	0 	0 	0 	0 	0 	5.000000e+00 	0 	0 	0 	0 	0 	0 	0 	0 	0 	0 	0 	0 	0 	0 	0 	0 	0 
LY/1276/1991  	0 	0 	0 	0 	0 	0 	0 	0 	0 	0 	0 	0 	0 	0 	0 	0 	0 	0 	0 	0 	0 	0 	0 	0 	0 	0 	0 	0 	0 	6.584963e+00 	7 	0 	5.000000e+00 	6.333243e+00 	0 	6.499955e+00 	9 	0 	8 	0 	9 	0 	0 	0 	0 	0 	0 	0 	5.777608e+00 	5.000000e+00 	0 	0 	4.807355e+00 	0 	5.514573e+00 	6.661338e+00 	0 	0 	0 	0 	0 	6.584963e+00 	0 	0 	0 	0 	0 	0 	0 	0 	0 	0 	0 	0 	0 	0 	0 	0 	0 
LY/1337/1991  	0 	0 	0 	0 	0 	0 	0 	0 	0 	0 	0 	0 	0 	0 	0 	0 	0 	0 	0 	0 	0 	0 	0 	0 	0 	0 	0 	0 	0 	7.000000e+00 	7 	0 	5.000000e+00 	6.333243e+00 	0 	7.499955e+00 	10 	0 	9 	0 	1.058496e+01 	0 	0 	0 	0 	0 	0 	0 	0 	0 	0 	0 	0 	0 	0 	0 	0 	0 	0 	0 	0 	0 	0 	0 	0 	0 	0 	0 	0 	0 	0 	0 	0 	0 	0 	0 	0 	0 	0 
LY/1373/1991  	0 	0 	0 	0 	0 	0 	0 	0 	0 	0 	0 	0 	0 	0 	0 	0 	0 	0 	0 	0 	0 	0 	0 	0 	0 	0 	0 	0 	0 	7.000000e+00 	7 	0 	6.000000e+00 	7.333243e+00 	0 	7.499955e+00 	10 	0 	8 	0 	11 	0 	0 	0 	0 	0 	0 	0 	5.192645e+00 	3.415037e+00 	0 	0 	4.000000e+00 	0 	4.040642e+00 	4.076375e+00 	0 	0 	0 	0 	0 	5.000000e+00 	0 	0 	0 	0 	0 	0 	0 	0 	0 	0 	0 	0 	0 	0 	0 	0 	0 
LY/1594/1991  	0 	0 	0 	0 	0 	0 	0 	0 	0 	0 	0 	0 	0 	0 	0 	0 	0 	0 	0 	0 	0 	0 	0 	0 	0 	0 	0 	0 	0 	7.000000e+00 	8 	0 	5.000000e+00 	6.333243e+00 	0 	7.499955e+00 	10 	0 	9 	0 	11 	0 	0 	0 	0 	0 	0 	0 	4.040642e+00 	1.415037e+00 	0 	0 	3.321928e+00 	0 	3.192645e+00 	4.076375e+00 	0 	0 	0 	0 	0 	4 	0 	0 	0 	0 	0 	0 	0 	0 	0 	0 	0 	0 	0 	0 	0 	0 	0 
LY/23672/1991  	0 	0 	0 	0 	0 	0 	0 	0 	0 	0 	0 	0 	0 	0 	0 	0 	0 	0 	0 	0 	0 	0 	0 	0 	0 	0 	0 	0 	0 	6.584963e+00 	7 	0 	5.000000e+00 	6.333243e+00 	0 	7.499955e+00 	9 	0 	8 	0 	10 	0 	0 	0 	0 	0 	0 	0 	5.000000e+00 	1.415037e+00 	0 	0 	4.000000e+00 	0 	3.192645e+00 	4.076375e+00 	0 	0 	0 	0 	0 	4 	0 	0 	0 	0 	0 	0 	0 	0 	0 	0 	0 	0 	0 	0 	0 	0 	0 
LY/24103/1991  	0 	0 	0 	0 	0 	0 	0 	0 	0 	0 	0 	0 	0 	0 	0 	0 	0 	0 	0 	0 	0 	0 	0 	0 	0 	0 	0 	0 	0 	8 	8 	0 	6.000000e+00 	7.333243e+00 	0 	8.499955e+00 	10 	0 	9 	0 	11 	0 	0 	0 	0 	0 	0 	0 	4.192645e+00 	1.415037e+00 	0 	0 	3.321928e+00 	0 	3.192645e+00 	5.076375e+00 	0 	0 	0 	0 	0 	5.000000e+00 	0 	0 	0 	0 	0 	0 	0 	0 	0 	0 	0 	0 	0 	0 	0 	0 	0 
LY/24222/1991  	0 	0 	0 	0 	0 	0 	0 	0 	0 	0 	0 	0 	0 	0 	0 	0 	0 	0 	0 	0 	0 	0 	0 	0 	0 	0 	0 	0 	0 	7.000000e+00 	7 	0 	6.000000e+00 	7.333243e+00 	0 	8.499955e+00 	11 	0 	9 	0 	11 	0 	0 	0 	0 	0 	0 	0 	5.514573e+00 	4.415037e+00 	0 	0 	4.321928e+00 	0 	5.000000e+00 	5.076375e+00 	0 	0 	0 	0 	0 	6.000000e+00 	0 	0 	0 	0 	0 	0 	0 	0 	0 	0 	0 	0 	0 	0 	0 	0 	0 
MA/G12/1991  	0 	0 	0 	0 	0 	0 	0 	0 	0 	0 	0 	0 	0 	0 	0 	0 	0 	0 	0 	0 	0 	0 	0 	0 	0 	0 	0 	0 	0 	8 	8 	0 	6.000000e+00 	7.333243e+00 	0 	7.832663e+00 	10 	0 	9.666757e+00 	0 	11 	0 	0 	0 	0 	0 	0 	0 	5.192645e+00 	1.415037e+00 	0 	0 	4.000000e+00 	0 	3.192645e+00 	4.076375e+00 	0 	0 	0 	0 	0 	4 	0 	0 	0 	0 	0 	0 	0 	0 	0 	0 	0 	0 	0 	0 	0 	0 	0 
NL/816/1991  	0 	0 	0 	0 	0 	0 	0 	0 	0 	0 	0 	0 	0 	0 	0 	0 	0 	0 	0 	0 	0 	0 	0 	0 	0 	0 	0 	0 	0 	8 	8 	0 	5.000000e+00 	6.333243e+00 	0 	9.499955e+00 	10 	0 	9 	0 	11 	0 	0 	0 	0 	0 	0 	0 	5.192645e+00 	1.415037e+00 	0 	0 	4.000000e+00 	0 	3.192645e+00 	4.076375e+00 	0 	0 	0 	0 	0 	4 	0 	0 	0 	0 	0 	0 	0 	0 	0 	0 	0 	0 	0 	0 	0 	0 	0 
ST/20/1991  	0 	0 	0 	0 	0 	0 	0 	0 	0 	0 	0 	0 	0 	0 	0 	0 	0 	0 	0 	0 	0 	0 	0 	0 	0 	0 	0 	0 	0 	7.000000e+00 	8 	0 	6.000000e+00 	7.333243e+00 	0 	8.499955e+00 	11 	0 	7 	0 	11 	0 	0 	0 	0 	0 	0 	0 	4.777608e+00 	1.415037e+00 	0 	0 	3.584963e+00 	0 	3.455679e+00 	4.076375e+00 	0 	0 	0 	0 	0 	4 	0 	0 	0 	0 	0 	0 	0 	0 	0 	0 	0 	0 	0 	0 	0 	0 	0 
AM/4112/1992  	0 	0 	0 	0 	0 	0 	0 	0 	0 	0 	0 	0 	0 	0 	0 	0 	0 	0 	0 	0 	0 	0 	0 	0 	0 	0 	0 	0 	0 	8 	9 	0 	6.000000e+00 	6.333243e+00 	0 	9.499955e+00 	10 	0 	10 	0 	11 	0 	0 	0 	0 	0 	0 	0 	5.777608e+00 	3.415037e+00 	0 	0 	4.000000e+00 	0 	4.192645e+00 	4.076375e+00 	0 	0 	0 	0 	0 	5.000000e+00 	0 	0 	0 	0 	0 	0 	0 	0 	0 	0 	0 	0 	0 	0 	0 	0 	0 
BE/32/1992  	5 	3 	0 	3 	4 	0 	4 	0 	4 	0 	0 	4 	0 	6 	0 	0 	0 	0 	0 	0 	0 	0 	4.045804e+00 	0 	0 	0 	0 	0 	0 	0 	0 	4 	0 	0 	0 	5.499955e+00 	5.981853e+00 	4.000000e+00 	5.000000e+00 	12 	5.000000e+00 	6.459432e+00 	1.103879e+01 	12 	12 	5.678072e+00 	7.250466e+00 	0 	8.192645e+00 	5.693022e+00 	3.415037e+00 	0 	0 	0 	4.394279e+00 	5.661338e+00 	5.867896e+00 	5.093109e+00 	5.707295e+00 	0 	0 	6.263034e+00 	4.584963e+00 	3.207535e+00 	6.616671e+00 	0 	0 	0 	2.415037e+00 	0 	0 	0 	0 	0 	0 	0 	0 	0 	0 
ES/1285/1992  	0 	0 	0 	0 	0 	0 	0 	0 	0 	0 	0 	0 	0 	0 	0 	0 	0 	0 	0 	0 	0 	0 	0 	0 	0 	0 	0 	0 	0 	7.000000e+00 	8 	0 	6.000000e+00 	6.333243e+00 	0 	7.499955e+00 	9 	0 	10 	0 	11 	0 	0 	0 	0 	0 	0 	0 	5.000000e+00 	1.415037e+00 	0 	0 	3.584963e+00 	0 	3.192645e+00 	4.076375e+00 	0 	0 	0 	0 	0 	4.584963e+00 	0 	0 	0 	0 	0 	0 	0 	0 	0 	0 	0 	0 	0 	0 	0 	0 	0 
FI/218/1992  	0 	0 	0 	0 	0 	0 	0 	0 	0 	0 	0 	0 	0 	0 	0 	0 	0 	0 	0 	0 	0 	0 	0 	0 	0 	0 	0 	0 	0 	6.000000e+00 	6.000000e+00 	0 	5.000000e+00 	6.333243e+00 	0 	6.499955e+00 	9 	0 	7 	0 	9 	0 	0 	0 	0 	0 	0 	0 	4.192645e+00 	3.415037e+00 	0 	0 	3.584963e+00 	0 	4.192645e+00 	4.076375e+00 	0 	0 	0 	0 	0 	5.000000e+00 	0 	0 	0 	0 	0 	0 	0 	0 	0 	0 	0 	0 	0 	0 	0 	0 	0 
FI/220/1992  	0 	0 	0 	0 	0 	0 	0 	0 	0 	0 	0 	0 	0 	0 	0 	0 	0 	0 	0 	0 	0 	0 	0 	0 	0 	0 	0 	0 	0 	5.000000e+00 	6.000000e+00 	0 	5.000000e+00 	6.333243e+00 	0 	6.499955e+00 	8.332708e+00 	0 	7 	0 	9 	0 	0 	0 	0 	0 	0 	0 	5.192645e+00 	3.415037e+00 	0 	0 	4.000000e+00 	0 	3.455679e+00 	4.076375e+00 	0 	0 	0 	0 	0 	4 	0 	0 	0 	0 	0 	0 	0 	0 	0 	0 	0 	0 	0 	0 	0 	0 	0 
FI/247/1992  	0 	0 	0 	0 	0 	0 	0 	0 	0 	0 	0 	0 	0 	0 	0 	0 	0 	0 	0 	0 	0 	0 	0 	0 	0 	0 	0 	0 	0 	0 	0 	0 	2 	4.333243e+00 	0 	4.499955e+00 	5.000000e+00 	0 	5.000000e+00 	8 	5.000000e+00 	4 	1.083912e+01 	0 	9.500154e+00 	0 	8.250466e+00 	0 	1.019265e+01 	0 	0 	0 	0 	0 	0 	0 	0 	0 	0 	0 	0 	0 	0 	0 	0 	0 	0 	0 	0 	0 	0 	0 	0 	0 	0 	0 	0 	0 	0 
GE/5113/1992  	0 	0 	0 	0 	0 	0 	0 	0 	0 	0 	0 	0 	0 	0 	0 	0 	0 	0 	0 	0 	0 	0 	0 	0 	0 	0 	0 	0 	0 	6.000000e+00 	7 	0 	6.000000e+00 	7.333243e+00 	0 	7.499955e+00 	10 	0 	9 	0 	10 	0 	0 	0 	0 	0 	0 	0 	3.192645e+00 	1.415037e+00 	0 	0 	2.847997e+00 	0 	2.192645e+00 	4.076375e+00 	0 	0 	0 	0 	0 	4 	0 	0 	0 	0 	0 	0 	0 	0 	0 	0 	0 	0 	0 	0 	0 	0 	0 
HO/56798/1992  	0 	0 	0 	0 	0 	0 	0 	0 	0 	0 	0 	0 	0 	0 	0 	0 	0 	0 	0 	0 	0 	0 	0 	0 	0 	0 	0 	0 	0 	6.000000e+00 	7 	0 	5.000000e+00 	6.333243e+00 	0 	7.499955e+00 	10 	0 	8 	0 	10 	0 	0 	0 	0 	0 	0 	0 	5.000000e+00 	1.415037e+00 	0 	0 	4.000000e+00 	0 	3.455679e+00 	4.076375e+00 	0 	0 	0 	0 	0 	4 	0 	0 	0 	0 	0 	0 	0 	0 	0 	0 	0 	0 	0 	0 	0 	0 	0 
HO/56829/1992  	0 	0 	0 	0 	0 	0 	0 	0 	0 	0 	0 	0 	0 	0 	0 	0 	0 	0 	0 	0 	0 	0 	0 	0 	0 	0 	0 	0 	0 	7.000000e+00 	8 	0 	6.000000e+00 	7.333243e+00 	0 	8.499955e+00 	10 	0 	9 	0 	10 	0 	0 	0 	0 	0 	0 	0 	5.192645e+00 	3.263034e+00 	0 	0 	4.000000e+00 	0 	4.192645e+00 	4.076375e+00 	0 	0 	0 	0 	0 	6.000000e+00 	0 	0 	0 	0 	0 	0 	0 	0 	0 	0 	0 	0 	0 	0 	0 	0 	0 
HO/56941/1992  	0 	0 	0 	0 	0 	0 	0 	0 	0 	0 	0 	0 	0 	0 	0 	0 	0 	0 	0 	0 	0 	0 	0 	0 	0 	0 	0 	0 	0 	6.000000e+00 	7 	0 	5.000000e+00 	6.333243e+00 	0 	7.499955e+00 	10 	0 	8 	0 	10 	0 	0 	0 	0 	0 	0 	0 	5.192645e+00 	3.415037e+00 	0 	0 	4.584963e+00 	0 	4.777608e+00 	5.076375e+00 	0 	0 	0 	0 	0 	5.000000e+00 	0 	0 	0 	0 	0 	0 	0 	0 	0 	0 	0 	0 	0 	0 	0 	0 	0 
MA/G58/1992  	0 	0 	0 	0 	0 	0 	0 	0 	0 	0 	0 	0 	0 	0 	0 	0 	0 	0 	0 	0 	0 	0 	0 	0 	0 	0 	0 	0 	0 	7.000000e+00 	9 	0 	6.000000e+00 	6.333243e+00 	0 	8.499955e+00 	9 	0 	9 	0 	10 	0 	0 	0 	0 	0 	0 	0 	6.192645e+00 	4.415037e+00 	0 	0 	4.000000e+00 	0 	4.192645e+00 	5.924372e+00 	0 	0 	0 	0 	0 	5.000000e+00 	0 	0 	0 	0 	0 	0 	0 	0 	0 	0 	0 	0 	0 	0 	0 	0 	0 
NI/3126/1992  	0 	0 	0 	0 	0 	0 	0 	0 	0 	0 	0 	0 	0 	0 	0 	0 	0 	0 	0 	0 	0 	0 	0 	0 	0 	0 	0 	0 	0 	7.000000e+00 	7 	0 	5.000000e+00 	6.333243e+00 	0 	7.499955e+00 	10 	0 	9 	0 	11 	0 	0 	0 	0 	0 	0 	0 	5.192645e+00 	2.415037e+00 	0 	0 	4.000000e+00 	0 	3.192645e+00 	4.076375e+00 	0 	0 	0 	0 	0 	5.584963e+00 	0 	0 	0 	0 	0 	0 	0 	0 	0 	0 	0 	0 	0 	0 	0 	0 	0 
NI/3129/1992  	0 	0 	0 	0 	0 	0 	0 	0 	0 	0 	0 	0 	0 	0 	0 	0 	0 	0 	0 	0 	0 	0 	0 	0 	0 	0 	0 	0 	0 	8 	8 	0 	6.000000e+00 	6.333243e+00 	0 	8.499955e+00 	10 	0 	9 	0 	11 	0 	0 	0 	0 	0 	0 	0 	5.192645e+00 	3.415037e+00 	0 	0 	4.000000e+00 	0 	3.192645e+00 	4.076375e+00 	0 	0 	0 	0 	0 	4 	0 	0 	0 	0 	0 	0 	0 	0 	0 	0 	0 	0 	0 	0 	0 	0 	0 
NL/819/1992  	0 	0 	0 	0 	0 	0 	0 	0 	0 	0 	0 	0 	0 	0 	0 	0 	0 	0 	0 	0 	0 	0 	0 	0 	0 	0 	0 	0 	0 	8 	8 	0 	5.000000e+00 	6.333243e+00 	0 	8.499955e+00 	10 	0 	9 	0 	10 	0 	0 	0 	0 	0 	0 	0 	5.777608e+00 	3 	0 	0 	0 	0 	4.192645e+00 	5.924372e+00 	0 	0 	0 	0 	0 	5.584963e+00 	0 	0 	0 	0 	0 	0 	0 	0 	0 	0 	0 	0 	0 	0 	0 	0 	0 
NL/823/1992  	0 	0 	0 	0 	0 	0 	0 	0 	0 	0 	0 	0 	0 	0 	0 	0 	0 	0 	0 	0 	0 	0 	0 	0 	0 	0 	0 	0 	0 	7.000000e+00 	7 	0 	5.000000e+00 	6.333243e+00 	0 	7.499955e+00 	10 	0 	8 	0 	10 	0 	0 	0 	0 	0 	0 	0 	5.192645e+00 	3.263034e+00 	0 	0 	3 	0 	4.777608e+00 	4.076375e+00 	0 	0 	0 	0 	0 	5.000000e+00 	0 	0 	0 	0 	0 	0 	0 	0 	0 	0 	0 	0 	0 	0 	0 	0 	0 
NL/935/1992  	0 	0 	0 	0 	0 	0 	0 	0 	0 	0 	0 	0 	0 	0 	0 	0 	0 	0 	0 	0 	0 	0 	0 	0 	0 	0 	0 	0 	0 	8 	9 	0 	7 	6.333243e+00 	0 	9.499955e+00 	11 	0 	10 	0 	12 	0 	0 	0 	0 	0 	0 	0 	5.192645e+00 	3 	0 	0 	4.000000e+00 	0 	4.777608e+00 	4.076375e+00 	0 	0 	0 	0 	0 	5.000000e+00 	0 	0 	0 	0 	0 	0 	0 	0 	0 	0 	0 	0 	0 	0 	0 	0 	0 
NL/938/1992  	0 	0 	0 	0 	0 	0 	0 	0 	0 	0 	0 	0 	0 	0 	0 	0 	0 	0 	0 	0 	0 	0 	0 	0 	0 	0 	0 	0 	0 	0 	0 	0 	11 	6.333243e+00 	0 	8.499955e+00 	6.666757e+00 	0 	8 	1.133338e+01 	5.000000e+00 	7.666757e+00 	1.042107e+01 	0 	1.150015e+01 	5.736966e+00 	6.250466e+00 	0 	9.388386e+00 	6.222392e+00 	4.263034e+00 	0 	4.807355e+00 	0 	4.777608e+00 	0 	0 	0 	0 	0 	0 	6.807355e+00 	0 	0 	0 	0 	0 	0 	0 	0 	0 	0 	0 	0 	0 	0 	0 	0 	0 
OV/31/1992  	0 	0 	0 	0 	0 	0 	0 	0 	0 	0 	0 	0 	0 	0 	0 	0 	0 	0 	0 	0 	0 	0 	0 	0 	0 	0 	0 	0 	0 	9 	10 	0 	6.000000e+00 	7.333243e+00 	0 	9.499955e+00 	11 	0 	11 	0 	12 	0 	0 	0 	0 	0 	0 	0 	4.514573e+00 	3.415037e+00 	0 	0 	4.000000e+00 	0 	3.192645e+00 	4.076375e+00 	0 	0 	0 	0 	0 	4.584963e+00 	0 	0 	0 	0 	0 	0 	0 	0 	0 	0 	0 	0 	0 	0 	0 	0 	0 
PA/320/1992  	0 	0 	0 	0 	0 	0 	0 	0 	0 	0 	0 	0 	0 	0 	0 	0 	0 	0 	0 	0 	0 	0 	0 	0 	0 	0 	0 	0 	0 	7.000000e+00 	8 	0 	6.000000e+00 	7.333243e+00 	0 	7.499955e+00 	10 	0 	9 	0 	11 	0 	0 	0 	0 	0 	0 	0 	4.514573e+00 	2.415037e+00 	0 	0 	3.807355e+00 	0 	4.192645e+00 	4.076375e+00 	0 	0 	0 	0 	0 	4.847997e+00 	0 	0 	0 	0 	0 	0 	0 	0 	0 	0 	0 	0 	0 	0 	0 	0 	0 
PA/325/1992  	0 	0 	0 	0 	0 	0 	0 	0 	0 	0 	0 	0 	0 	0 	0 	0 	0 	0 	0 	0 	0 	0 	0 	0 	0 	0 	0 	0 	0 	7.000000e+00 	7 	0 	5.000000e+00 	7.333243e+00 	0 	7.499955e+00 	11 	0 	9 	0 	11 	0 	0 	0 	0 	0 	0 	0 	4.192645e+00 	2.415037e+00 	0 	0 	3.807355e+00 	0 	3.455679e+00 	4.076375e+00 	0 	0 	0 	0 	0 	4.263034e+00 	0 	0 	0 	0 	0 	0 	0 	0 	0 	0 	0 	0 	0 	0 	0 	0 	0 
PA/407/1992  	0 	0 	0 	0 	0 	0 	0 	0 	0 	0 	0 	0 	0 	0 	0 	0 	0 	0 	0 	0 	0 	0 	0 	0 	0 	0 	0 	0 	0 	7.000000e+00 	7 	0 	6.000000e+00 	6.333243e+00 	0 	7.499955e+00 	9 	0 	9 	0 	10 	0 	0 	0 	0 	0 	0 	0 	4.192645e+00 	1.415037e+00 	0 	0 	2.847997e+00 	0 	3.192645e+00 	4.076375e+00 	0 	0 	0 	0 	0 	4 	0 	0 	0 	0 	0 	0 	0 	0 	0 	0 	0 	0 	0 	0 	0 	0 	0 
PA/417/1992  	0 	0 	0 	0 	0 	0 	0 	0 	0 	0 	0 	0 	0 	0 	0 	0 	0 	0 	0 	0 	0 	0 	0 	0 	0 	0 	0 	0 	0 	7.000000e+00 	7 	0 	5.000000e+00 	6.333243e+00 	0 	8.499955e+00 	9 	0 	8 	0 	10 	0 	0 	0 	0 	0 	0 	0 	6.192645e+00 	3.415037e+00 	0 	0 	0 	0 	4.777608e+00 	7.398303e+00 	0 	0 	0 	0 	0 	6.321928e+00 	0 	0 	0 	0 	0 	0 	0 	0 	0 	0 	0 	0 	0 	0 	0 	0 	0 
PA/424/1992  	0 	0 	0 	0 	0 	0 	0 	0 	0 	0 	0 	0 	0 	0 	0 	0 	0 	0 	0 	0 	0 	0 	0 	0 	0 	0 	0 	0 	0 	6.000000e+00 	7 	0 	5.000000e+00 	6.333243e+00 	0 	7.499955e+00 	9 	0 	9 	0 	10 	0 	0 	0 	0 	0 	0 	0 	5.192645e+00 	1.415037e+00 	0 	0 	4.000000e+00 	0 	3.192645e+00 	5.076375e+00 	0 	0 	0 	0 	0 	6.000000e+00 	0 	0 	0 	0 	0 	0 	0 	0 	0 	0 	0 	0 	0 	0 	0 	0 	0 
PA/457/1992  	0 	0 	0 	0 	0 	0 	0 	0 	0 	0 	0 	0 	0 	0 	0 	0 	0 	0 	0 	0 	0 	0 	0 	0 	0 	0 	0 	0 	0 	7.000000e+00 	8 	0 	6.000000e+00 	7.333243e+00 	0 	7.499955e+00 	10 	0 	9 	0 	11 	0 	0 	0 	0 	0 	0 	0 	3.192645e+00 	1.415037e+00 	0 	0 	1 	0 	2.192645e+00 	4.076375e+00 	0 	0 	0 	0 	0 	3 	0 	0 	0 	0 	0 	0 	0 	0 	0 	0 	0 	0 	0 	0 	0 	0 	0 
PA/467/1992  	0 	0 	0 	0 	0 	0 	0 	0 	0 	0 	0 	0 	0 	0 	0 	0 	0 	0 	0 	0 	0 	0 	0 	0 	0 	0 	0 	0 	0 	9 	9 	0 	5.498251e+00 	6.831494e+00 	0 	8.999801e+00 	10 	0 	10 	0 	11 	0 	0 	0 	0 	0 	0 	0 	4.777608e+00 	1.415037e+00 	0 	0 	3 	0 	3.455679e+00 	4.076375e+00 	0 	0 	0 	0 	0 	4 	0 	0 	0 	0 	0 	0 	0 	0 	0 	0 	0 	0 	0 	0 	0 	0 	0 
PA/490/1992  	0 	0 	0 	0 	0 	0 	0 	0 	0 	0 	0 	0 	0 	0 	0 	0 	0 	0 	0 	0 	0 	0 	0 	0 	0 	0 	0 	0 	0 	7.000000e+00 	7 	0 	5.000000e+00 	6.333243e+00 	0 	7.499955e+00 	10 	0 	9 	0 	11 	0 	0 	0 	0 	0 	0 	0 	5.000000e+00 	3.415037e+00 	0 	0 	4.000000e+00 	0 	4.192645e+00 	4.076375e+00 	0 	0 	0 	0 	0 	5.321928e+00 	0 	0 	0 	0 	0 	0 	0 	0 	0 	0 	0 	0 	0 	0 	0 	0 	0 
PA/512/1992  	0 	0 	0 	0 	0 	0 	0 	0 	0 	0 	0 	0 	0 	0 	0 	0 	0 	0 	0 	0 	0 	0 	0 	0 	0 	0 	0 	0 	0 	6.000000e+00 	7 	0 	4.584963e+00 	6.333243e+00 	0 	6.499955e+00 	9 	0 	8 	0 	10 	0 	0 	0 	0 	0 	0 	0 	4.192645e+00 	1.415037e+00 	0 	0 	1 	0 	2.192645e+00 	4.076375e+00 	0 	0 	0 	0 	0 	5.000000e+00 	0 	0 	0 	0 	0 	0 	0 	0 	0 	0 	0 	0 	0 	0 	0 	0 	0 
PA/548/1992  	0 	0 	0 	0 	0 	0 	0 	0 	0 	0 	0 	0 	0 	0 	0 	0 	0 	0 	0 	0 	0 	0 	0 	0 	0 	0 	0 	0 	0 	6.000000e+00 	6.000000e+00 	0 	5.000000e+00 	6.333243e+00 	0 	7.499955e+00 	10 	0 	8 	0 	10 	0 	0 	0 	0 	0 	0 	0 	3.192645e+00 	1.415037e+00 	0 	0 	1 	0 	2.192645e+00 	4.076375e+00 	0 	0 	0 	0 	0 	4 	0 	0 	0 	0 	0 	0 	0 	0 	0 	0 	0 	0 	0 	0 	0 	0 	0 
PA/564/1992  	0 	0 	0 	0 	0 	0 	0 	0 	0 	0 	0 	0 	0 	0 	0 	0 	0 	0 	0 	0 	0 	0 	0 	0 	0 	0 	0 	0 	0 	7.000000e+00 	7 	0 	5.000000e+00 	6.333243e+00 	0 	7.499955e+00 	9 	0 	8 	0 	1.058496e+01 	0 	0 	0 	0 	0 	0 	0 	5.777608e+00 	4.415037e+00 	0 	0 	4.000000e+00 	0 	5.000000e+00 	6.076375e+00 	0 	0 	0 	0 	0 	6.584963e+00 	0 	0 	0 	0 	0 	0 	0 	0 	0 	0 	0 	0 	0 	0 	0 	0 	0 
PA/583/1992  	0 	0 	0 	0 	0 	0 	0 	0 	0 	0 	0 	0 	0 	0 	0 	0 	0 	0 	0 	0 	0 	0 	0 	0 	0 	0 	0 	0 	0 	7.336283e+00 	7.332708e+00 	0 	5.336283e+00 	5.655172e+00 	0 	7.832663e+00 	9.332708e+00 	0 	9 	0 	11 	0 	0 	0 	0 	0 	0 	0 	4.192645e+00 	1.415037e+00 	0 	0 	3.321928e+00 	0 	2.192645e+00 	4.076375e+00 	0 	0 	0 	0 	0 	4 	0 	0 	0 	0 	0 	0 	0 	0 	0 	0 	0 	0 	0 	0 	0 	0 	0 
PA/597/1992  	0 	0 	0 	0 	0 	0 	0 	0 	0 	0 	0 	0 	0 	0 	0 	0 	0 	0 	0 	0 	0 	0 	0 	0 	0 	0 	0 	0 	0 	6.000000e+00 	6.000000e+00 	0 	4.000000e+00 	5.333243e+00 	0 	6.499955e+00 	9 	0 	7 	0 	10 	0 	0 	0 	0 	0 	0 	0 	5.000000e+00 	3.263034e+00 	0 	0 	3.321928e+00 	0 	3.777608e+00 	5.076375e+00 	0 	0 	0 	0 	0 	5.000000e+00 	0 	0 	0 	0 	0 	0 	0 	0 	0 	0 	0 	0 	0 	0 	0 	0 	0 
PA/614/1992  	0 	0 	0 	0 	0 	0 	0 	0 	0 	0 	0 	0 	0 	0 	0 	0 	0 	0 	0 	0 	0 	0 	0 	0 	0 	0 	0 	0 	0 	8 	8 	0 	6.000000e+00 	6.333243e+00 	0 	8.499955e+00 	9 	0 	9 	0 	10 	0 	0 	0 	0 	0 	0 	0 	5.192645e+00 	1.415037e+00 	0 	0 	2.847997e+00 	0 	3.192645e+00 	5.076375e+00 	0 	0 	0 	0 	0 	5.000000e+00 	0 	0 	0 	0 	0 	0 	0 	0 	0 	0 	0 	0 	0 	0 	0 	0 	0 
RD/100540/1992  	0 	0 	0 	0 	0 	0 	0 	0 	0 	0 	0 	0 	0 	0 	0 	0 	0 	0 	0 	0 	0 	0 	0 	0 	0 	0 	0 	0 	0 	7.000000e+00 	8 	0 	6.000000e+00 	7.333243e+00 	0 	8.499955e+00 	11 	0 	8 	0 	11 	0 	0 	0 	0 	0 	0 	0 	0 	0 	0 	0 	0 	0 	0 	0 	0 	0 	0 	0 	0 	0 	0 	0 	0 	0 	0 	0 	0 	0 	0 	0 	0 	0 	0 	0 	0 	0 	0 
SA/8/1992  	0 	0 	0 	0 	0 	0 	0 	0 	0 	0 	0 	0 	0 	0 	0 	0 	0 	0 	0 	0 	0 	0 	0 	0 	0 	0 	0 	0 	0 	5.510962e+00 	7 	0 	5.498251e+00 	5.844205e+00 	0 	6.998206e+00 	8.501439e+00 	0 	7.499846e+00 	0 	9.499846e+00 	0 	0 	0 	0 	0 	0 	0 	4.192645e+00 	1.415037e+00 	0 	0 	4.000000e+00 	0 	3.192645e+00 	4.076375e+00 	0 	0 	0 	0 	0 	4 	0 	0 	0 	0 	0 	0 	0 	0 	0 	0 	0 	0 	0 	0 	0 	0 	0 
SA/23/1992  	0 	0 	0 	0 	0 	0 	0 	0 	0 	0 	0 	0 	0 	0 	0 	0 	0 	0 	0 	0 	0 	0 	0 	0 	0 	0 	0 	0 	0 	6.000000e+00 	7 	0 	6.000000e+00 	7.333243e+00 	0 	7.499955e+00 	9 	0 	7 	0 	10 	0 	0 	0 	0 	0 	0 	0 	3.192645e+00 	1.415037e+00 	0 	0 	3 	0 	2.192645e+00 	4.076375e+00 	0 	0 	0 	0 	0 	4 	0 	0 	0 	0 	0 	0 	0 	0 	0 	0 	0 	0 	0 	0 	0 	0 	0 
SA/27/1992  	0 	0 	0 	0 	0 	0 	0 	0 	0 	0 	0 	0 	0 	0 	0 	0 	0 	0 	0 	0 	0 	0 	0 	0 	0 	0 	0 	0 	0 	6.000000e+00 	6.000000e+00 	0 	5.000000e+00 	6.333243e+00 	0 	6.499955e+00 	9 	0 	7 	0 	9 	0 	0 	0 	0 	0 	0 	0 	4.192645e+00 	3.415037e+00 	0 	0 	4.000000e+00 	0 	5.192645e+00 	4.076375e+00 	0 	0 	0 	0 	0 	5.000000e+00 	0 	0 	0 	0 	0 	0 	0 	0 	0 	0 	0 	0 	0 	0 	0 	0 	0 
SE/C273/1992  	0 	0 	0 	0 	0 	0 	0 	0 	0 	0 	0 	0 	0 	0 	0 	0 	0 	0 	0 	0 	0 	0 	0 	0 	0 	0 	0 	0 	0 	0 	0 	0 	2 	3.333243e+00 	0 	2.499955e+00 	0 	0 	3 	6.498251e+00 	5.000000e+00 	0 	9.774580e+00 	0 	1.050015e+01 	5.415037e+00 	7.250466e+00 	0 	1.009592e+01 	6.415037e+00 	3.415037e+00 	0 	7.584963e+00 	0 	5.000000e+00 	0 	0 	0 	0 	0 	0 	5.807355e+00 	0 	0 	0 	0 	0 	0 	0 	0 	0 	0 	0 	0 	0 	0 	0 	0 	0 
ST/7/1992  	0 	0 	0 	0 	0 	0 	0 	0 	0 	0 	0 	0 	0 	0 	0 	0 	0 	0 	0 	0 	0 	0 	0 	0 	0 	0 	0 	0 	0 	7.000000e+00 	8 	0 	6.000000e+00 	6.333243e+00 	0 	7.499955e+00 	9 	0 	10 	0 	10 	0 	0 	0 	0 	0 	0 	0 	4.192645e+00 	1.415037e+00 	0 	0 	1 	0 	2.192645e+00 	4.076375e+00 	0 	0 	0 	0 	0 	4 	0 	0 	0 	0 	0 	0 	0 	0 	0 	0 	0 	0 	0 	0 	0 	0 	0 
ST/8/1992  	0 	0 	0 	0 	0 	0 	0 	0 	0 	0 	0 	0 	0 	0 	0 	0 	0 	0 	0 	0 	0 	0 	0 	0 	0 	0 	0 	0 	0 	7.000000e+00 	7 	0 	5.000000e+00 	6.333243e+00 	0 	6.499955e+00 	9 	0 	8 	0 	10 	0 	0 	0 	0 	0 	0 	0 	5.777608e+00 	4.000000e+00 	0 	0 	4.584963e+00 	0 	4.192645e+00 	4.076375e+00 	0 	0 	0 	0 	0 	5.584963e+00 	0 	0 	0 	0 	0 	0 	0 	0 	0 	0 	0 	0 	0 	0 	0 	0 	0 
ST/12/1992  	0 	0 	0 	0 	0 	0 	0 	0 	0 	0 	0 	0 	0 	0 	0 	0 	0 	0 	0 	0 	0 	0 	0 	0 	0 	0 	0 	0 	0 	0 	0 	0 	5.000000e+00 	5.333243e+00 	0 	5.499955e+00 	8 	0 	6 	8 	5.000000e+00 	5.000000e+00 	1.133897e+01 	0 	0 	7.415037e+00 	0 	0 	1.059608e+01 	8.610779e+00 	6.415037e+00 	0 	8.903279e+00 	0 	7.192645e+00 	6.076375e+00 	0 	0 	0 	0 	0 	7.000000e+00 	0 	0 	0 	0 	0 	0 	0 	0 	0 	0 	0 	0 	0 	0 	0 	0 	0 
ST/13/1992  	0 	0 	0 	0 	0 	0 	0 	0 	0 	0 	0 	0 	0 	0 	0 	0 	0 	0 	0 	0 	0 	0 	0 	0 	0 	0 	0 	0 	0 	0 	0 	0 	8 	8.333243e+00 	0 	1.049995e+01 	10 	0 	7 	0 	10 	11 	5.839120e+00 	0 	0 	0 	0 	0 	6.000000e+00 	2.415037e+00 	0 	0 	3 	0 	3.192645e+00 	4.076375e+00 	0 	0 	0 	0 	0 	4.263034e+00 	0 	0 	0 	0 	0 	0 	0 	0 	0 	0 	0 	0 	0 	0 	0 	0 	0 
TI/5957/1992  	0 	0 	0 	0 	0 	0 	0 	0 	0 	0 	0 	0 	0 	0 	0 	0 	0 	0 	0 	0 	0 	0 	0 	0 	0 	0 	0 	0 	0 	8 	8.499846e+00 	0 	6.000000e+00 	6.831494e+00 	0 	8.499955e+00 	10 	0 	9.499846e+00 	0 	11 	0 	0 	0 	0 	0 	0 	0 	5.192645e+00 	3 	0 	0 	3.807355e+00 	0 	3.192645e+00 	5.076375e+00 	0 	0 	0 	0 	0 	4.584963e+00 	0 	0 	0 	0 	0 	0 	0 	0 	0 	0 	0 	0 	0 	0 	0 	0 	0 
UM/1982/1992  	0 	0 	0 	0 	0 	0 	0 	0 	0 	0 	0 	0 	0 	0 	0 	0 	0 	0 	0 	0 	0 	0 	0 	0 	0 	0 	0 	0 	0 	0 	0 	0 	6.000000e+00 	6.333243e+00 	0 	8.499955e+00 	9 	0 	9 	0 	9 	11 	6.839120e+00 	0 	0 	0 	0 	0 	0 	0 	0 	0 	0 	0 	0 	0 	0 	0 	0 	0 	0 	0 	0 	0 	0 	0 	0 	0 	0 	0 	0 	0 	0 	0 	0 	0 	0 	0 	0 
UM/2000/1992  	0 	0 	0 	0 	0 	0 	0 	0 	0 	0 	0 	0 	0 	0 	0 	0 	0 	0 	0 	0 	0 	0 	0 	0 	0 	0 	0 	0 	0 	0 	0 	0 	6.000000e+00 	5.333243e+00 	0 	8.499955e+00 	9 	0 	9 	7 	10 	12 	6.324547e+00 	0 	8.500154e+00 	0 	5.250466e+00 	0 	6.192645e+00 	3 	0 	0 	3.584963e+00 	0 	3.777608e+00 	4.076375e+00 	0 	0 	0 	0 	0 	4.847997e+00 	0 	0 	0 	0 	0 	0 	0 	0 	0 	0 	0 	0 	0 	0 	0 	0 	0 
VI/68/1992  	0 	0 	0 	0 	0 	0 	0 	0 	0 	0 	0 	0 	0 	0 	0 	0 	0 	0 	0 	0 	0 	0 	0 	0 	0 	0 	0 	0 	0 	9 	8 	0 	8 	8.333243e+00 	0 	8.499955e+00 	12 	0 	8 	0 	12 	0 	0 	0 	0 	0 	0 	0 	0 	0 	0 	0 	0 	0 	0 	0 	0 	0 	0 	0 	0 	0 	0 	0 	0 	0 	0 	0 	0 	0 	0 	0 	0 	0 	0 	0 	0 	0 	0 
AK/4/1993  	0 	0 	0 	0 	0 	0 	0 	0 	0 	0 	0 	0 	0 	0 	0 	0 	0 	0 	0 	0 	0 	0 	0 	0 	0 	0 	0 	0 	0 	0 	0 	0 	2 	3.333243e+00 	0 	2.499955e+00 	5.000000e+00 	0 	4.000000e+00 	8 	5.000000e+00 	4 	1.024171e+01 	0 	0 	7.000000e+00 	0 	0 	9.596935e+00 	0 	5.415037e+00 	0 	8.584963e+00 	0 	6.598637e+00 	5.339410e+00 	0 	0 	0 	0 	0 	6.459432e+00 	0 	0 	0 	0 	0 	0 	0 	0 	0 	0 	0 	0 	0 	0 	0 	0 	0 
ES/5458/1993  	0 	0 	0 	0 	0 	0 	0 	0 	0 	0 	0 	0 	0 	0 	0 	0 	0 	0 	0 	0 	0 	0 	0 	0 	0 	0 	0 	0 	0 	0 	0 	0 	5.000000e+00 	5.333243e+00 	0 	7.499955e+00 	9 	0 	9 	0 	10 	11 	5.839120e+00 	0 	0 	0 	0 	0 	6.777608e+00 	6.000000e+00 	0 	0 	5.000000e+00 	0 	6.192645e+00 	7.076375e+00 	0 	0 	0 	0 	0 	6.584963e+00 	0 	0 	0 	0 	0 	0 	0 	0 	0 	0 	0 	0 	0 	0 	0 	0 	0 
GD/25/1993  	5 	0 	0 	0 	4 	0 	0 	0 	0 	0 	0 	0 	0 	0 	0 	0 	0 	0 	0 	0 	0 	0 	4.045804e+00 	0 	0 	0 	0 	0 	0 	0 	0 	0 	0 	3.333243e+00 	0 	0 	3 	0 	0 	5.523562e+00 	0 	6.000000e+00 	9.424083e+00 	8.713277e+00 	0 	9.576925e+00 	1.025047e+01 	9.442345e+00 	0 	0 	7.485427e+00 	10 	8 	0 	7.984459e+00 	7.398303e+00 	9.896030e+00 	8.900464e+00 	1.012233e+01 	0 	0 	7.548437e+00 	4.584963e+00 	3.207535e+00 	7.302563e+00 	0 	0 	0 	2.415037e+00 	0 	0 	0 	0 	0 	0 	0 	0 	0 	0 
LY/672/1993  	0 	0 	0 	0 	0 	0 	0 	0 	0 	0 	0 	0 	0 	0 	0 	0 	0 	0 	0 	0 	0 	0 	0 	0 	0 	0 	0 	0 	0 	0 	0 	0 	0 	0 	0 	0 	5.536053e+00 	0 	0 	6.887525e+00 	0 	6.137504e+00 	9.736361e+00 	0 	8.836438e+00 	0 	8.250466e+00 	1.144234e+01 	9.472488e+00 	6.894009e+00 	6.222392e+00 	9.292782e+00 	9.321928e+00 	0 	7.192645e+00 	0 	9.542258e+00 	0 	0 	0 	0 	7.584963e+00 	0 	0 	0 	0 	0 	0 	0 	0 	0 	0 	0 	0 	0 	0 	0 	0 	0 
LY/1803/1993  	0 	0 	0 	0 	0 	0 	0 	0 	0 	0 	0 	0 	0 	0 	0 	0 	0 	0 	0 	0 	0 	0 	0 	0 	0 	0 	0 	0 	0 	0 	0 	0 	0 	0 	0 	0 	6.000000e+00 	0 	0 	8 	0 	6.000000e+00 	9.839120e+00 	0 	9.998405e+00 	0 	0 	0 	0 	0 	0 	0 	0 	0 	0 	0 	0 	0 	0 	0 	0 	0 	0 	0 	0 	0 	0 	0 	0 	0 	0 	0 	0 	0 	0 	0 	0 	0 	0 
LY/1815/1993  	0 	0 	0 	0 	0 	0 	0 	0 	0 	0 	0 	0 	0 	0 	0 	0 	0 	0 	0 	0 	0 	0 	0 	0 	0 	0 	0 	0 	0 	0 	0 	0 	0 	0 	0 	0 	5.000000e+00 	0 	0 	7 	0 	6.000000e+00 	9.741194e+00 	0 	9.500154e+00 	1.158496e+01 	0 	0 	1.077761e+01 	1.058496e+01 	8.415037e+00 	0 	1.016993e+01 	0 	9.192645e+00 	0 	0 	0 	0 	0 	0 	8.807355e+00 	0 	0 	0 	0 	0 	0 	0 	0 	0 	0 	0 	0 	0 	0 	0 	0 	0 
LY/22686/1993  	0 	0 	0 	0 	0 	0 	0 	0 	0 	0 	0 	0 	0 	0 	0 	0 	0 	0 	0 	0 	0 	0 	0 	0 	0 	0 	0 	0 	0 	0 	0 	0 	0 	0 	0 	0 	6.000000e+00 	0 	0 	7 	0 	6.000000e+00 	9.001008e+00 	0 	9.500154e+00 	9.415037e+00 	0 	0 	1.051457e+01 	9.736966e+00 	7.415037e+00 	0 	8.807355e+00 	0 	7.777608e+00 	0 	0 	0 	0 	0 	0 	6.321928e+00 	0 	0 	0 	0 	0 	0 	0 	0 	0 	0 	0 	0 	0 	0 	0 	0 	0 
LY/23602/1993  	0 	0 	0 	0 	0 	0 	0 	0 	0 	0 	0 	0 	0 	0 	0 	0 	0 	0 	0 	0 	0 	0 	0 	0 	0 	0 	0 	0 	0 	0 	0 	0 	0 	0 	0 	0 	7.000000e+00 	0 	0 	7.661065e+00 	0 	8 	1.000101e+01 	0 	1.050015e+01 	9.222392e+00 	0 	0 	1.119265e+01 	1.073697e+01 	9 	0 	1.032193e+01 	0 	1.019265e+01 	0 	0 	0 	0 	0 	0 	7.584963e+00 	0 	0 	0 	0 	0 	0 	0 	0 	0 	0 	0 	0 	0 	0 	0 	0 	0 
MA/G101/1993  	0 	0 	0 	0 	0 	0 	0 	0 	0 	0 	0 	0 	0 	0 	0 	0 	0 	0 	0 	0 	0 	0 	0 	0 	0 	0 	0 	0 	0 	0 	0 	0 	6.000000e+00 	6.333243e+00 	0 	8.499955e+00 	10 	0 	9 	0 	11 	12 	7.839120e+00 	0 	0 	0 	0 	0 	4.192645e+00 	1.415037e+00 	0 	0 	1 	0 	2.192645e+00 	4.076375e+00 	0 	0 	0 	0 	0 	4 	0 	0 	0 	0 	0 	0 	0 	0 	0 	0 	0 	0 	0 	0 	0 	0 	0 
MA/G102/1993  	0 	0 	5 	0 	0 	5 	0 	0 	0 	4 	0 	0 	3.500154e+00 	0 	0 	0 	3 	3 	0 	4 	3 	0 	0 	0 	0 	0 	4 	0 	3.500154e+00 	0 	0 	0 	5.000000e+00 	5.333243e+00 	0 	5.010917e+00 	5.700440e+00 	0 	6 	7.472488e+00 	3 	0 	1.080721e+01 	0 	1.043089e+01 	6.415037e+00 	8.586749e+00 	1.169217e+01 	1.091648e+01 	8.540193e+00 	0 	9 	8 	9.047585e+00 	7.192645e+00 	8.076375e+00 	1.063880e+01 	0 	8.819300e+00 	0 	8 	7.733354e+00 	6.292782e+00 	7.207535e+00 	0 	0 	4.415037e+00 	0 	0 	7.000000e+00 	0 	0 	0 	0 	0 	0 	0 	0 	0 
MA/G109/1993  	0 	0 	0 	0 	0 	0 	0 	0 	0 	0 	0 	0 	0 	0 	0 	0 	0 	0 	0 	0 	0 	0 	0 	0 	0 	0 	0 	0 	0 	0 	0 	0 	5.000000e+00 	5.333243e+00 	0 	5.499955e+00 	6.000000e+00 	0 	6 	7 	5.000000e+00 	6.000000e+00 	1.034056e+01 	0 	0 	10 	0 	0 	1.051457e+01 	9.222392e+00 	8.415037e+00 	0 	9 	0 	8.777608e+00 	0 	0 	0 	0 	0 	0 	7.807355e+00 	0 	0 	0 	0 	0 	0 	0 	0 	0 	0 	0 	0 	0 	0 	0 	0 	0 
MA/G116/1993  	0 	0 	0 	0 	0 	0 	0 	0 	0 	0 	0 	0 	0 	0 	0 	0 	0 	0 	0 	0 	0 	0 	0 	0 	0 	0 	0 	0 	0 	0 	0 	0 	5.000000e+00 	5.333243e+00 	0 	7.499955e+00 	8 	0 	8 	0 	10 	11 	7.839120e+00 	0 	0 	0 	0 	0 	5.777608e+00 	1.415037e+00 	0 	0 	0 	0 	3.192645e+00 	4.076375e+00 	0 	0 	0 	0 	0 	4.584963e+00 	0 	0 	0 	0 	0 	0 	0 	0 	0 	0 	0 	0 	0 	0 	0 	0 	0 
MA/G122/1993  	0 	0 	0 	0 	0 	0 	0 	0 	0 	0 	0 	0 	0 	0 	0 	0 	0 	0 	0 	0 	0 	0 	0 	0 	0 	0 	0 	0 	0 	0 	0 	0 	5.000000e+00 	5.333243e+00 	0 	5.499955e+00 	6.000000e+00 	0 	6 	8 	5.000000e+00 	6.000000e+00 	1.133897e+01 	0 	0 	12 	0 	0 	1.119265e+01 	12 	9.415037e+00 	0 	1.158496e+01 	0 	9.777608e+00 	0 	0 	0 	0 	0 	0 	8.584963e+00 	0 	0 	0 	0 	0 	0 	0 	0 	0 	0 	0 	0 	0 	0 	0 	0 	0 
MA/G130/1993  	0 	0 	0 	0 	0 	0 	0 	0 	0 	0 	0 	0 	0 	0 	0 	0 	0 	0 	0 	0 	0 	0 	0 	0 	0 	0 	0 	0 	0 	0 	0 	0 	6.000000e+00 	5.333243e+00 	0 	5.499955e+00 	6.000000e+00 	0 	6 	7 	5.000000e+00 	5.000000e+00 	1.113190e+01 	0 	0 	5.415037e+00 	0 	0 	1.077761e+01 	7.000000e+00 	4.736966e+00 	0 	7.807355e+00 	0 	5.192645e+00 	0 	0 	0 	0 	0 	0 	5.807355e+00 	0 	0 	0 	0 	0 	0 	0 	0 	0 	0 	0 	0 	0 	0 	0 	0 	0 
MA/G252/1993  	0 	0 	5 	0 	0 	5 	0 	0 	0 	4 	0 	0 	3.500154e+00 	0 	0 	0 	3 	3 	0 	4 	3 	0 	0 	0 	0 	0 	4 	0 	3.500154e+00 	0 	0 	0 	0 	0 	0 	4.499955e+00 	6.000000e+00 	0 	0 	4.321928e+00 	3 	5.536053e+00 	7.604655e+00 	0 	0 	7.364572e+00 	12 	7.442345e+00 	7.536053e+00 	7.493989e+00 	1.073697e+01 	10 	7.584963e+00 	0 	1.051457e+01 	0 	7.000000e+00 	0 	8.444261e+00 	0 	0 	9.083213e+00 	0 	0 	0 	0 	0 	0 	0 	0 	0 	0 	0 	0 	0 	0 	0 	0 	0 
NL/3/1993  	0 	0 	0 	0 	0 	0 	0 	0 	0 	0 	0 	0 	0 	0 	0 	0 	0 	0 	0 	0 	0 	0 	0 	0 	0 	0 	0 	0 	0 	0 	0 	0 	7 	8.333243e+00 	0 	7.499955e+00 	7.000000e+00 	0 	7 	8 	6.000000e+00 	8 	12 	0 	0 	1.022239e+01 	0 	0 	1.059608e+01 	8.867896e+00 	8.222392e+00 	0 	9.807355e+00 	0 	7.853711e+00 	6.076375e+00 	0 	0 	0 	0 	0 	7.292782e+00 	0 	0 	0 	0 	0 	0 	0 	0 	0 	0 	0 	0 	0 	0 	0 	0 	0 
NL/17/1993  	0 	0 	0 	0 	0 	0 	0 	0 	0 	0 	0 	0 	0 	0 	0 	0 	0 	0 	0 	0 	0 	0 	0 	0 	0 	0 	0 	0 	0 	0 	0 	0 	7 	7.333243e+00 	0 	7.499955e+00 	8 	0 	8 	0 	6.000000e+00 	7.000000e+00 	1.183912e+01 	0 	0 	0 	0 	0 	0 	0 	0 	0 	0 	0 	0 	0 	0 	0 	0 	0 	0 	0 	0 	0 	0 	0 	0 	0 	0 	0 	0 	0 	0 	0 	0 	0 	0 	0 	0 
NL/101/1993  	0 	0 	0 	0 	0 	0 	0 	0 	0 	0 	0 	0 	0 	0 	0 	0 	0 	0 	0 	0 	0 	0 	0 	0 	0 	0 	0 	0 	0 	0 	0 	0 	6.000000e+00 	6.333243e+00 	0 	6.499955e+00 	6.000000e+00 	0 	6 	6.321928e+00 	5.000000e+00 	6.000000e+00 	0 	0 	0 	4.415037e+00 	0 	0 	9.514573e+00 	6.000000e+00 	5.000000e+00 	0 	7 	0 	6.192645e+00 	0 	0 	0 	0 	0 	0 	5.000000e+00 	0 	0 	0 	0 	0 	0 	0 	0 	0 	0 	0 	0 	0 	0 	0 	0 	0 
NL/115/1993  	0 	0 	0 	0 	0 	0 	0 	0 	0 	0 	0 	0 	0 	0 	0 	0 	0 	0 	0 	0 	0 	0 	0 	0 	0 	0 	0 	0 	0 	0 	0 	0 	6.000000e+00 	5.333243e+00 	0 	5.499955e+00 	6.000000e+00 	0 	6 	6.807355e+00 	5.000000e+00 	6.000000e+00 	0 	0 	0 	5.584963e+00 	0 	0 	10 	7.000000e+00 	5.222392e+00 	0 	7.584963e+00 	0 	6.362570e+00 	0 	0 	0 	0 	0 	0 	6.000000e+00 	0 	0 	0 	0 	0 	0 	0 	0 	0 	0 	0 	0 	0 	0 	0 	0 	0 
NL/126/1993  	0 	0 	0 	0 	0 	0 	0 	0 	0 	0 	0 	0 	0 	0 	0 	0 	0 	0 	0 	0 	0 	0 	0 	0 	0 	0 	0 	0 	0 	0 	0 	0 	6.000000e+00 	5.333243e+00 	0 	6.499955e+00 	6.000000e+00 	0 	6 	6.000000e+00 	5.000000e+00 	6.000000e+00 	0 	0 	0 	5.000000e+00 	0 	0 	9.192645e+00 	6.415037e+00 	4.263034e+00 	0 	7.169925e+00 	0 	4.394279e+00 	0 	0 	0 	0 	0 	0 	5.000000e+00 	0 	0 	0 	0 	0 	0 	0 	0 	0 	0 	0 	0 	0 	0 	0 	0 	0 
NL/165/1993  	0 	0 	0 	0 	0 	0 	0 	0 	0 	0 	0 	0 	0 	0 	0 	0 	0 	0 	0 	0 	0 	0 	0 	0 	0 	0 	0 	0 	0 	0 	0 	0 	5.000000e+00 	5.333243e+00 	0 	6.499955e+00 	8 	0 	7 	0 	9 	10 	7.839120e+00 	0 	0 	0 	0 	0 	5.192645e+00 	1.415037e+00 	0 	0 	2 	0 	2.192645e+00 	4.076375e+00 	0 	0 	0 	0 	0 	4 	0 	0 	0 	0 	0 	0 	0 	0 	0 	0 	0 	0 	0 	0 	0 	0 	0 
NL/179/1993  	0 	0 	0 	0 	0 	0 	0 	0 	0 	0 	0 	0 	0 	0 	0 	0 	0 	0 	0 	0 	0 	0 	0 	0 	0 	0 	0 	0 	0 	0 	0 	0 	7 	3.333243e+00 	0 	7.499955e+00 	8 	0 	6 	0 	5.000000e+00 	7.000000e+00 	1.183912e+01 	0 	0 	0 	0 	0 	0 	0 	0 	0 	0 	0 	0 	0 	0 	0 	0 	0 	0 	0 	0 	0 	0 	0 	0 	0 	0 	0 	0 	0 	0 	0 	0 	0 	0 	0 	0 
NL/241/1993  	0 	0 	5 	0 	0 	5 	0 	0 	0 	4 	0 	0 	3.500154e+00 	0 	0 	0 	3 	3 	0 	4 	3 	0 	0 	0 	0 	0 	4 	0 	3.500154e+00 	0 	0 	0 	0 	0 	0 	4.499955e+00 	5.963474e+00 	0 	0 	7.066089e+00 	3 	6.263034e+00 	9.839120e+00 	0 	9.500154e+00 	9.415037e+00 	1.075190e+01 	12 	1.069249e+01 	0 	0 	1.149985e+01 	9 	1.085381e+01 	8.192645e+00 	7.587337e+00 	1.158346e+01 	0 	1.115851e+01 	0 	8.602884e+00 	8.217231e+00 	7.292782e+00 	7.207535e+00 	0 	0 	4.415037e+00 	0 	0 	7.000000e+00 	0 	0 	0 	0 	0 	0 	0 	0 	0 
NL/357/1993  	0 	0 	0 	0 	0 	0 	0 	0 	0 	0 	0 	0 	0 	0 	0 	0 	0 	0 	0 	0 	0 	0 	0 	0 	0 	0 	0 	0 	0 	0 	0 	0 	0 	0 	0 	0 	6.000000e+00 	0 	0 	8.195741e+00 	0 	6.000000e+00 	1.094555e+01 	0 	1.100159e+01 	8 	0 	0 	1.077761e+01 	8.736966e+00 	6.415037e+00 	0 	10 	0 	8.192645e+00 	0 	0 	0 	0 	0 	0 	6.807355e+00 	0 	0 	0 	0 	0 	0 	0 	0 	0 	0 	0 	0 	0 	0 	0 	0 	0 
NL/371/1993  	0 	0 	0 	0 	0 	0 	0 	0 	0 	0 	0 	0 	0 	0 	0 	0 	0 	0 	0 	0 	0 	0 	0 	0 	0 	0 	0 	0 	0 	0 	0 	0 	0 	0 	0 	0 	5.000000e+00 	0 	0 	4.944858e+00 	0 	5.000000e+00 	8.774580e+00 	0 	8.500154e+00 	10 	9.250466e+00 	0 	9.323988e+00 	9.222392e+00 	7.222392e+00 	0 	7.791814e+00 	0 	7.598637e+00 	6.076375e+00 	0 	0 	0 	0 	0 	6.906891e+00 	0 	0 	0 	0 	0 	0 	0 	0 	0 	0 	0 	0 	0 	0 	0 	0 	0 
NL/372/1993  	0 	0 	0 	0 	0 	0 	0 	0 	0 	0 	0 	0 	0 	0 	0 	0 	0 	0 	0 	0 	0 	0 	0 	0 	0 	0 	0 	0 	0 	0 	0 	0 	0 	0 	0 	0 	6.000000e+00 	0 	0 	4.744161e+00 	0 	6.000000e+00 	6.839120e+00 	0 	7.822082e+00 	6.736966e+00 	1.125047e+01 	0 	8.128105e+00 	7.415037e+00 	1.041504e+01 	0 	7.584963e+00 	0 	1.019265e+01 	0 	0 	0 	0 	0 	0 	8 	0 	0 	0 	0 	0 	0 	0 	0 	0 	0 	0 	0 	0 	0 	0 	0 	0 
NL/398/1993  	0 	0 	0 	0 	0 	0 	0 	0 	0 	0 	0 	0 	0 	0 	0 	0 	0 	0 	0 	0 	0 	0 	0 	0 	0 	0 	0 	0 	0 	0 	0 	0 	0 	0 	0 	0 	7.000000e+00 	0 	0 	9.440454e+00 	0 	7.000000e+00 	1.177458e+01 	0 	1.150015e+01 	1.022239e+01 	0 	0 	11 	9.222392e+00 	9.415037e+00 	0 	9.321928e+00 	0 	10 	0 	0 	0 	0 	0 	0 	8.584963e+00 	0 	0 	0 	0 	0 	0 	0 	0 	0 	0 	0 	0 	0 	0 	0 	0 	0 
NL/399/1993  	0 	0 	0 	0 	0 	0 	0 	0 	0 	0 	0 	0 	0 	0 	0 	0 	0 	0 	0 	0 	0 	0 	0 	0 	0 	0 	0 	0 	0 	0 	0 	0 	0 	0 	0 	0 	6.000000e+00 	0 	0 	5.548437e+00 	0 	6.000000e+00 	9.087048e+00 	0 	8.701788e+00 	5.222392e+00 	1.025047e+01 	0 	8.595231e+00 	7.000000e+00 	9.222392e+00 	0 	7.321928e+00 	0 	8 	0 	0 	0 	0 	0 	0 	9.321928e+00 	0 	0 	0 	0 	0 	0 	0 	0 	0 	0 	0 	0 	0 	0 	0 	0 	0 
NL/440/1993  	0 	0 	0 	0 	0 	0 	0 	0 	0 	0 	0 	0 	0 	0 	0 	0 	0 	0 	0 	0 	0 	0 	0 	0 	0 	0 	0 	0 	0 	0 	0 	0 	0 	0 	0 	0 	6.797013e+00 	0 	0 	8.106432e+00 	0 	6.000000e+00 	1.136738e+01 	0 	1.100159e+01 	7.415037e+00 	0 	0 	1.151457e+01 	8.222392e+00 	6.415037e+00 	0 	9.584963e+00 	0 	8.192645e+00 	0 	0 	0 	0 	0 	0 	7.321928e+00 	0 	0 	0 	0 	0 	0 	0 	0 	0 	0 	0 	0 	0 	0 	0 	0 	0 
OS/2219/1993  	0 	0 	0 	0 	0 	0 	0 	0 	0 	0 	0 	0 	0 	0 	0 	0 	0 	0 	0 	0 	0 	0 	0 	0 	0 	0 	0 	0 	0 	0 	0 	0 	0 	0 	0 	0 	6.000000e+00 	0 	0 	6.529821e+00 	0 	5.000000e+00 	1.017183e+01 	0 	9.998405e+00 	1.041504e+01 	0 	0 	12 	1.041504e+01 	8.736966e+00 	0 	1.032193e+01 	0 	9.192645e+00 	0 	0 	0 	0 	0 	0 	8.584963e+00 	0 	0 	0 	0 	0 	0 	0 	0 	0 	0 	0 	0 	0 	0 	0 	0 	0 
OS/2352/1993  	0 	0 	0 	0 	0 	0 	0 	0 	0 	0 	0 	0 	0 	0 	0 	0 	0 	0 	0 	0 	0 	0 	0 	0 	0 	0 	0 	0 	0 	0 	0 	0 	0 	0 	0 	0 	5.321928e+00 	0 	0 	7.189825e+00 	0 	0 	1.009084e+01 	0 	9.836438e+00 	4.951090e+00 	7.572394e+00 	1.144234e+01 	9.727143e+00 	7.392317e+00 	4.415037e+00 	8 	9.169925e+00 	0 	6.000000e+00 	0 	10 	0 	0 	0 	0 	5.807355e+00 	0 	0 	0 	0 	0 	0 	0 	0 	0 	0 	0 	0 	0 	0 	0 	0 	0 
PA/287/1993  	0 	0 	0 	0 	0 	0 	0 	0 	0 	0 	0 	0 	0 	0 	0 	0 	0 	0 	0 	0 	0 	0 	0 	0 	0 	0 	0 	0 	0 	0 	0 	0 	6.000000e+00 	5.333243e+00 	0 	8.499955e+00 	8 	0 	9 	0 	9 	11 	6.839120e+00 	0 	0 	0 	0 	0 	0 	0 	0 	0 	0 	0 	0 	0 	0 	0 	0 	0 	0 	0 	0 	0 	0 	0 	0 	0 	0 	0 	0 	0 	0 	0 	0 	0 	0 	0 	0 
SD/9/1993  	0 	3 	0 	3 	4 	0 	4 	0 	4 	0 	0 	4 	0 	6 	0 	0 	0 	0 	0 	0 	0 	0 	4.045804e+00 	0 	0 	0 	0 	0 	0 	0 	0 	4 	3 	3.333243e+00 	0 	0 	0 	2 	0 	6.897240e+00 	0 	4 	1.050019e+01 	9.227850e+00 	1.016122e+01 	0 	8.078285e+00 	1.044234e+01 	9.791070e+00 	7.070389e+00 	0 	8 	8 	8.853813e+00 	5.000000e+00 	6.076375e+00 	8.035624e+00 	9.415037e+00 	7.444261e+00 	0 	0 	6.000000e+00 	0 	0 	0 	0 	0 	0 	0 	0 	0 	0 	0 	0 	0 	0 	0 	0 	0 
SG/6/1993  	0 	0 	0 	0 	0 	0 	0 	0 	0 	0 	0 	0 	0 	0 	0 	0 	0 	0 	0 	0 	0 	0 	0 	0 	0 	0 	0 	0 	0 	0 	0 	0 	2 	3.333243e+00 	0 	2.499955e+00 	3 	0 	3 	7.321928e+00 	5.000000e+00 	4 	1.063093e+01 	0 	0 	7.000000e+00 	0 	0 	1.151457e+01 	7.736966e+00 	4.415037e+00 	0 	9.584963e+00 	0 	8 	0 	0 	0 	0 	0 	0 	7.321928e+00 	0 	0 	0 	0 	0 	0 	0 	0 	0 	0 	0 	0 	0 	0 	0 	0 	0 
SL/142/1993  	0 	0 	0 	0 	0 	0 	0 	0 	0 	0 	0 	0 	0 	0 	0 	0 	0 	0 	0 	0 	0 	0 	0 	0 	0 	0 	0 	0 	0 	0 	0 	0 	0 	0 	0 	0 	0 	0 	0 	8.903279e+00 	0 	6.000000e+00 	1.064648e+01 	0 	0 	8.222392e+00 	0 	1.044234e+01 	1.012810e+01 	7.415037e+00 	5.736966e+00 	8 	6.807355e+00 	0 	6.777608e+00 	0 	0 	0 	0 	0 	0 	7.000000e+00 	0 	0 	0 	0 	0 	0 	0 	0 	0 	0 	0 	0 	0 	0 	0 	0 	0 
SL/160/1993  	0 	0 	0 	0 	0 	0 	0 	0 	0 	0 	0 	0 	0 	0 	0 	0 	0 	0 	0 	0 	0 	0 	0 	0 	0 	0 	0 	0 	0 	0 	0 	0 	0 	0 	0 	0 	0 	0 	0 	6.292782e+00 	0 	6.000000e+00 	9.839120e+00 	0 	0 	1.041504e+01 	0 	9.442345e+00 	0 	9.415037e+00 	8.222392e+00 	10 	9.584963e+00 	0 	8.777608e+00 	0 	0 	0 	0 	0 	0 	7.321928e+00 	0 	0 	0 	0 	0 	0 	0 	0 	0 	0 	0 	0 	0 	0 	0 	0 	0 
SP/3/1993  	0 	0 	0 	0 	0 	0 	0 	0 	0 	0 	0 	0 	0 	0 	0 	0 	0 	0 	0 	0 	0 	0 	0 	0 	0 	0 	0 	0 	0 	0 	0 	0 	0 	0 	0 	0 	5.000000e+00 	0 	0 	7.108524e+00 	0 	5.000000e+00 	1.010965e+01 	0 	1.050015e+01 	6.000000e+00 	8.250466e+00 	0 	1.085371e+01 	7.222392e+00 	5.222392e+00 	0 	8.584963e+00 	0 	6.514573e+00 	0 	0 	0 	0 	0 	0 	7.000000e+00 	0 	0 	0 	0 	0 	0 	0 	0 	0 	0 	0 	0 	0 	0 	0 	0 	0 
ST/20/1993  	0 	0 	0 	0 	0 	0 	0 	0 	0 	0 	0 	0 	0 	0 	0 	0 	0 	0 	0 	0 	0 	0 	0 	0 	0 	0 	0 	0 	0 	0 	0 	0 	0 	0 	0 	0 	7.193772e+00 	0 	0 	7.329124e+00 	0 	7.201634e+00 	1.023487e+01 	0 	1.036310e+01 	11 	1.075190e+01 	0 	1.066919e+01 	1.031892e+01 	8.415037e+00 	0 	9.807355e+00 	0 	8.694084e+00 	8.076375e+00 	0 	0 	0 	0 	0 	9.378512e+00 	0 	0 	0 	0 	0 	0 	0 	0 	0 	0 	0 	0 	0 	0 	0 	0 	0 
VI/104/1993  	0 	0 	0 	0 	0 	0 	0 	0 	0 	0 	0 	0 	0 	0 	0 	0 	0 	0 	0 	0 	0 	0 	0 	0 	0 	0 	0 	0 	0 	0 	0 	0 	0 	0 	0 	0 	5.000000e+00 	0 	0 	7.270529e+00 	0 	5.000000e+00 	1.083912e+01 	0 	1.050015e+01 	6.415037e+00 	0 	0 	1.151457e+01 	7.415037e+00 	6.584963e+00 	0 	8.321928e+00 	0 	7.000000e+00 	0 	0 	0 	0 	0 	0 	8.584963e+00 	0 	0 	0 	0 	0 	0 	0 	0 	0 	0 	0 	0 	0 	0 	0 	0 	0 
WE/59/1993  	0 	0 	0 	0 	0 	0 	0 	0 	0 	0 	0 	0 	0 	0 	0 	0 	0 	0 	0 	0 	0 	0 	0 	0 	0 	0 	0 	0 	0 	0 	0 	0 	0 	0 	0 	0 	5.000000e+00 	0 	0 	6.529821e+00 	0 	4 	9.968403e+00 	0 	8.998405e+00 	9 	0 	0 	10 	9.415037e+00 	7.000000e+00 	0 	9.321928e+00 	0 	8 	0 	0 	0 	0 	0 	0 	8.321928e+00 	0 	0 	0 	0 	0 	0 	0 	0 	0 	0 	0 	0 	0 	0 	0 	0 	0 
YA/56/1993  	0 	0 	0 	0 	0 	0 	0 	0 	0 	0 	0 	0 	0 	0 	0 	0 	0 	0 	0 	0 	0 	0 	0 	0 	0 	0 	0 	0 	0 	0 	0 	0 	2 	3.333243e+00 	0 	2.499955e+00 	5.000000e+00 	0 	1 	7 	5.000000e+00 	4 	1.074360e+01 	0 	0 	6.415037e+00 	0 	0 	1.051457e+01 	7.415037e+00 	4.736966e+00 	0 	8.807355e+00 	0 	6.777608e+00 	0 	0 	0 	0 	0 	0 	7.321928e+00 	0 	0 	0 	0 	0 	0 	0 	0 	0 	0 	0 	0 	0 	0 	0 	0 	0 
YA/61/1993  	0 	0 	0 	0 	0 	0 	0 	0 	0 	0 	0 	0 	0 	0 	0 	0 	0 	0 	0 	0 	0 	0 	0 	0 	0 	0 	0 	0 	0 	0 	0 	0 	2 	3.333243e+00 	0 	2.499955e+00 	4.000000e+00 	0 	3 	6.169925e+00 	5.000000e+00 	4 	0 	0 	0 	5.222392e+00 	0 	0 	9 	6.222392e+00 	3.793549e+00 	0 	7.321928e+00 	0 	5.514573e+00 	0 	0 	0 	0 	0 	0 	4.378512e+00 	0 	0 	0 	0 	0 	0 	0 	0 	0 	0 	0 	0 	0 	0 	0 	0 	0 
YA/62/1993  	0 	0 	0 	0 	0 	0 	0 	0 	0 	0 	0 	0 	0 	0 	0 	0 	0 	0 	0 	0 	0 	0 	0 	0 	0 	0 	0 	0 	0 	0 	0 	0 	2 	3.333243e+00 	0 	2.499955e+00 	3 	0 	3 	6.321928e+00 	5.000000e+00 	4 	1.024171e+01 	0 	0 	5.222392e+00 	0 	0 	10 	6.736966e+00 	5.584963e+00 	0 	8.321928e+00 	0 	6.362570e+00 	0 	0 	0 	0 	0 	0 	7.169925e+00 	0 	0 	0 	0 	0 	0 	0 	0 	0 	0 	0 	0 	0 	0 	0 	0 	0 
EN/7/1994  	0 	0 	0 	0 	0 	0 	0 	0 	0 	0 	0 	0 	0 	0 	0 	0 	0 	0 	0 	0 	0 	0 	0 	0 	0 	0 	0 	0 	0 	0 	0 	0 	0 	0 	0 	0 	0 	0 	0 	4.510962e+00 	0 	6.000000e+00 	7.839120e+00 	0 	0 	7.736966e+00 	0 	7.442345e+00 	7.463174e+00 	8.222392e+00 	1.173697e+01 	11 	8 	0 	11 	0 	0 	0 	0 	0 	0 	9.584963e+00 	0 	0 	0 	0 	0 	0 	0 	0 	0 	0 	0 	0 	0 	0 	0 	0 	0 
HK/1/1994  	0 	0 	0 	0 	0 	0 	0 	0 	0 	0 	0 	0 	0 	0 	0 	0 	0 	0 	0 	0 	0 	0 	0 	0 	0 	0 	0 	0 	0 	0 	0 	0 	0 	0 	0 	0 	7.000000e+00 	0 	0 	6.405992e+00 	0 	8 	9.131902e+00 	0 	9.500154e+00 	10 	9.250466e+00 	0 	1.048543e+01 	1.041504e+01 	8.736966e+00 	0 	1.032193e+01 	0 	9.192645e+00 	0 	0 	0 	0 	0 	0 	8 	0 	0 	0 	0 	0 	0 	0 	0 	0 	0 	0 	0 	0 	0 	0 	0 	0 
HK/2/1994  	0 	0 	0 	0 	0 	0 	0 	0 	0 	0 	0 	0 	0 	0 	0 	0 	0 	0 	0 	0 	0 	0 	0 	0 	0 	0 	0 	0 	0 	0 	0 	0 	0 	0 	0 	0 	7.000000e+00 	0 	0 	6.791814e+00 	0 	7.000000e+00 	9.131902e+00 	0 	9.500154e+00 	9.222392e+00 	9.250466e+00 	0 	1.009592e+01 	9 	8 	0 	8.321928e+00 	0 	8 	0 	0 	0 	0 	0 	0 	8 	0 	0 	0 	0 	0 	0 	0 	0 	0 	0 	0 	0 	0 	0 	0 	0 	0 
HK/55/1994  	0 	0 	0 	0 	0 	0 	0 	0 	0 	0 	0 	0 	0 	0 	0 	0 	0 	0 	0 	0 	0 	0 	0 	0 	0 	0 	0 	0 	0 	0 	0 	0 	0 	0 	0 	0 	6.000000e+00 	0 	0 	6.862947e+00 	0 	7.000000e+00 	9.741194e+00 	0 	9.500154e+00 	1.027674e+01 	1.025047e+01 	1.144234e+01 	1.025658e+01 	1.027674e+01 	1.122239e+01 	11 	9.321928e+00 	0 	1.077761e+01 	0 	11 	0 	0 	0 	0 	9.807355e+00 	0 	0 	0 	0 	0 	0 	0 	0 	0 	0 	0 	0 	0 	0 	0 	0 	0 
HK/56/1994  	0 	0 	0 	0 	0 	0 	0 	0 	0 	0 	0 	0 	0 	0 	0 	0 	0 	0 	0 	0 	0 	0 	0 	0 	0 	0 	0 	0 	0 	0 	0 	0 	0 	0 	0 	0 	7.000000e+00 	0 	0 	7 	0 	7.000000e+00 	1.000101e+01 	0 	9.500154e+00 	1.122239e+01 	1.025047e+01 	0 	1.098511e+01 	1.122239e+01 	8.736966e+00 	0 	1.080735e+01 	0 	1.051457e+01 	0 	0 	0 	0 	0 	0 	9 	0 	0 	0 	0 	0 	0 	0 	0 	0 	0 	0 	0 	0 	0 	0 	0 	0 
JO/33/1994  	5 	0 	0 	3 	4 	0 	4 	0 	4 	0 	0 	4 	0 	6 	0 	0 	0 	0 	0 	0 	0 	0 	4.045804e+00 	0 	0 	0 	0 	0 	0 	0 	0 	4 	3 	3.333243e+00 	0 	0 	3 	2 	0 	0 	0 	6.000000e+00 	0 	7.633843e+00 	0 	8.918068e+00 	8.250466e+00 	9.339585e+00 	8.099536e+00 	0 	5.415037e+00 	11 	6.666757e+00 	9.853813e+00 	7.853711e+00 	0 	9.465974e+00 	8.396890e+00 	1.072503e+01 	0 	7.000000e+00 	7.000000e+00 	0 	3.207535e+00 	6.415037e+00 	0 	4.415037e+00 	0 	2.415037e+00 	5.000000e+00 	0 	0 	0 	0 	0 	0 	0 	0 	0 
JO/47/1994  	0 	0 	0 	0 	0 	0 	0 	0 	0 	0 	0 	0 	0 	0 	0 	0 	0 	0 	0 	0 	0 	0 	0 	0 	0 	0 	0 	0 	0 	0 	0 	0 	0 	0 	0 	0 	0 	0 	0 	0 	0 	6.000000e+00 	9.161048e+00 	0 	0 	9.318317e+00 	1.025047e+01 	9.442345e+00 	9.058069e+00 	9.500377e+00 	6.222392e+00 	11 	5.807355e+00 	0 	5.362570e+00 	0 	10 	0 	0 	0 	0 	6.000000e+00 	0 	0 	0 	0 	0 	0 	0 	0 	0 	0 	0 	0 	0 	0 	0 	0 	0 
NL/18/1994  	5 	0 	0 	0 	4 	0 	0 	0 	0 	0 	0 	0 	0 	0 	0 	0 	0 	0 	0 	0 	0 	0 	4.045804e+00 	0 	0 	0 	0 	0 	0 	0 	0 	0 	0 	3.333243e+00 	0 	0 	0 	0 	0 	7.321928e+00 	0 	0 	1.016105e+01 	6.153850e+00 	0 	0 	0 	0 	1.177761e+01 	0 	8.736966e+00 	0 	1.016993e+01 	0 	9.388386e+00 	7.862972e+00 	5.655352e+00 	1.041504e+01 	7.836578e+00 	0 	0 	8.419539e+00 	6.405992e+00 	3.207535e+00 	1.007610e+01 	0 	0 	0 	2.415037e+00 	0 	0 	0 	0 	0 	0 	0 	0 	0 	0 
SA/15/1994  	0 	0 	0 	0 	0 	0 	0 	0 	0 	0 	0 	0 	0 	0 	0 	0 	0 	0 	0 	0 	0 	0 	0 	0 	0 	0 	0 	0 	0 	0 	0 	0 	0 	0 	0 	0 	7.000000e+00 	0 	0 	7.791814e+00 	0 	7.000000e+00 	1.063093e+01 	0 	9.500154e+00 	1.022239e+01 	1.025047e+01 	0 	1.085371e+01 	1.141504e+01 	9 	0 	12 	0 	9.777608e+00 	0 	0 	0 	0 	0 	0 	9 	0 	0 	0 	0 	0 	0 	0 	0 	0 	0 	0 	0 	0 	0 	0 	0 	0 
SA/25/1994  	0 	0 	0 	0 	0 	0 	0 	0 	0 	0 	0 	0 	0 	0 	0 	0 	0 	0 	0 	0 	0 	0 	0 	0 	0 	0 	0 	0 	0 	0 	0 	0 	0 	0 	0 	0 	7.000000e+00 	0 	0 	7.904484e+00 	0 	7.000000e+00 	9.839120e+00 	0 	8.500154e+00 	1.141504e+01 	9.250466e+00 	0 	1.119265e+01 	1.173697e+01 	9 	0 	1.158496e+01 	0 	9.777608e+00 	0 	0 	0 	0 	0 	0 	9 	0 	0 	0 	0 	0 	0 	0 	0 	0 	0 	0 	0 	0 	0 	0 	0 	0 
FI/338/1995  	0 	0 	0 	0 	0 	0 	0 	0 	0 	0 	0 	0 	0 	0 	0 	0 	0 	0 	0 	0 	0 	0 	0 	0 	0 	0 	0 	0 	0 	0 	0 	0 	0 	0 	0 	0 	0 	0 	0 	0 	0 	7.336283e+00 	8.839120e+00 	0 	0 	0 	1.025047e+01 	8.442345e+00 	7.362570e+00 	7.212050e+00 	1.141504e+01 	10 	8.878971e+00 	1.052057e+01 	0 	8.076375e+00 	6.797013e+00 	1.041504e+01 	9.444261e+00 	0 	0 	1.019574e+01 	0 	0 	0 	0 	0 	0 	0 	0 	0 	0 	0 	0 	0 	0 	0 	0 	0 
FI/339/1995  	0 	0 	0 	0 	0 	0 	0 	0 	0 	0 	0 	0 	0 	0 	0 	0 	0 	0 	0 	0 	0 	0 	0 	0 	0 	0 	0 	0 	0 	0 	0 	0 	0 	0 	0 	0 	0 	0 	0 	3 	0 	6.000000e+00 	6.839120e+00 	0 	0 	0 	0 	7.442345e+00 	6.528928e+00 	7.944858e+00 	11 	0 	8 	9.853813e+00 	9.985761e+00 	0 	7.498251e+00 	9.415037e+00 	1.044426e+01 	0 	0 	8.807355e+00 	0 	0 	0 	0 	0 	0 	0 	0 	0 	0 	0 	0 	0 	0 	0 	0 	0 
FI/381/1995  	0 	0 	0 	0 	0 	0 	0 	0 	0 	0 	0 	0 	0 	0 	0 	0 	0 	0 	0 	0 	0 	0 	0 	0 	0 	0 	0 	0 	0 	0 	0 	0 	0 	0 	0 	0 	0 	0 	0 	3 	0 	6.000000e+00 	7.646475e+00 	0 	0 	8.415037e+00 	0 	0 	7.777608e+00 	7.919658e+00 	1.041504e+01 	0 	8.226894e+00 	9.465576e+00 	9.985761e+00 	8.398303e+00 	7.791814e+00 	1.014568e+01 	9.882221e+00 	0 	0 	9 	0 	0 	0 	0 	0 	0 	0 	0 	0 	0 	0 	0 	0 	0 	0 	0 	0 
GE/A9509/1995  	0 	0 	0 	0 	0 	0 	0 	0 	0 	0 	0 	0 	0 	0 	0 	0 	0 	0 	0 	0 	0 	0 	0 	0 	0 	0 	0 	0 	0 	0 	0 	0 	0 	0 	0 	0 	0 	0 	0 	5.498251e+00 	0 	6.510962e+00 	7.839120e+00 	0 	0 	0 	1.025047e+01 	8.940596e+00 	7.909636e+00 	7.489714e+00 	6.000000e+00 	9 	8 	1.085381e+01 	7.859402e+00 	7.076375e+00 	8 	8.415037e+00 	9.776968e+00 	0 	0 	7.584963e+00 	0 	0 	0 	0 	0 	0 	0 	0 	0 	0 	0 	0 	0 	0 	0 	0 	0 
HK/3/1995  	0 	0 	0 	0 	0 	0 	0 	0 	0 	0 	0 	0 	0 	0 	0 	0 	0 	0 	0 	0 	0 	0 	0 	0 	0 	0 	0 	0 	0 	0 	0 	0 	0 	0 	0 	0 	0 	0 	0 	7 	0 	7.000000e+00 	1.083912e+01 	0 	0 	8.610779e+00 	0 	1.144234e+01 	1.079479e+01 	9.500377e+00 	7.415037e+00 	0 	9.584963e+00 	0 	8 	0 	11 	0 	0 	0 	0 	9.807355e+00 	0 	0 	0 	0 	0 	0 	0 	0 	0 	0 	0 	0 	0 	0 	0 	0 	0 
HK/32/1995  	0 	0 	0 	0 	0 	0 	0 	0 	0 	0 	0 	0 	0 	0 	0 	0 	0 	0 	0 	0 	0 	0 	0 	0 	0 	0 	0 	0 	0 	0 	0 	0 	0 	0 	0 	0 	0 	0 	0 	6.791814e+00 	0 	7.000000e+00 	9.424083e+00 	0 	0 	1.060979e+01 	1.125047e+01 	1.194219e+01 	1.051006e+01 	1.074819e+01 	7.415037e+00 	12 	9 	0 	9.192645e+00 	0 	12 	0 	0 	0 	0 	9 	0 	0 	0 	0 	0 	0 	0 	0 	0 	0 	0 	0 	0 	0 	0 	0 	0 
HK/38/1995  	0 	0 	0 	0 	0 	0 	0 	0 	0 	0 	0 	0 	0 	0 	0 	0 	0 	0 	0 	0 	0 	0 	0 	0 	0 	0 	0 	0 	0 	0 	0 	0 	0 	0 	0 	0 	0 	0 	0 	7.584963e+00 	0 	7.000000e+00 	1.042408e+01 	0 	0 	9 	0 	0 	9.777608e+00 	9.415037e+00 	8.415037e+00 	0 	9 	1.185381e+01 	9.777608e+00 	8.076375e+00 	10 	1.041504e+01 	1.044426e+01 	0 	0 	10 	0 	0 	0 	0 	0 	0 	0 	0 	0 	0 	0 	0 	0 	0 	0 	0 	0 
HK/49/1995  	0 	0 	0 	0 	0 	0 	0 	0 	0 	0 	0 	0 	0 	0 	0 	0 	0 	0 	0 	0 	0 	0 	0 	0 	0 	0 	0 	0 	0 	0 	0 	0 	0 	0 	0 	0 	0 	0 	0 	3 	0 	7.584963e+00 	7.424083e+00 	0 	0 	7.415037e+00 	0 	0 	8.192645e+00 	8.666757e+00 	1.173697e+01 	0 	8.696272e+00 	1.043878e+01 	1.177761e+01 	8.076375e+00 	9.321928e+00 	12 	1.044426e+01 	0 	0 	1.058496e+01 	0 	0 	0 	0 	0 	0 	0 	0 	0 	0 	0 	0 	0 	0 	0 	0 	0 
HK/55/1995  	0 	0 	0 	0 	0 	0 	0 	0 	0 	0 	0 	0 	0 	0 	0 	0 	0 	0 	0 	0 	0 	0 	0 	0 	0 	0 	0 	0 	0 	0 	0 	0 	0 	0 	0 	0 	0 	0 	0 	8 	0 	6.867896e+00 	1.164648e+01 	0 	0 	6.736966e+00 	0 	0 	1.077761e+01 	7.428500e+00 	9.736966e+00 	0 	8.368070e+00 	9.721710e+00 	8.994838e+00 	1.090165e+01 	7.465974e+00 	1.002680e+01 	8.421540e+00 	0 	11 	1.087160e+01 	11 	8.207535e+00 	0 	0 	5.415037e+00 	0 	0 	10 	0 	0 	0 	0 	0 	0 	0 	0 	0 
LY/2279/1995  	5 	0 	0 	0 	4 	0 	0 	0 	0 	0 	0 	0 	0 	0 	0 	0 	0 	0 	0 	0 	0 	0 	4.045804e+00 	0 	0 	0 	0 	0 	0 	0 	0 	0 	0 	3.333243e+00 	0 	0 	0 	0 	0 	0 	0 	7.137504e+00 	0 	0 	0 	0 	0 	0 	8.192645e+00 	8.050211e+00 	9.290326e+00 	0 	8.742815e+00 	9.803348e+00 	9.503712e+00 	8.708644e+00 	8.520422e+00 	1.068182e+01 	8.776968e+00 	0 	10 	9.678072e+00 	8.350497e+00 	0 	11 	0 	7.415037e+00 	0 	6.000000e+00 	8.193772e+00 	0 	0 	0 	0 	0 	0 	0 	0 	0 
NA/933/1995  	5 	0 	0 	0 	4 	0 	0 	0 	0 	0 	0 	0 	0 	0 	0 	0 	0 	0 	0 	0 	0 	0 	4.045804e+00 	0 	0 	0 	0 	0 	0 	0 	0 	0 	0 	0 	0 	0 	0 	0 	0 	5.807355e+00 	0 	7.292782e+00 	9.839120e+00 	0 	0 	5.502500e+00 	0 	0 	8.584963e+00 	0 	0 	0 	0 	9.221883e+00 	0 	1.101419e+01 	6.807355e+00 	9.608809e+00 	8.594008e+00 	0 	0 	1.029278e+01 	1.132193e+01 	5.666967e+00 	11 	7.531987e+00 	5.415037e+00 	0 	5.584963e+00 	1.050541e+01 	0 	0 	0 	0 	0 	0 	0 	0 	0 
NL/1/1995  	5 	0 	5 	0 	4 	5 	0 	0 	0 	4 	0 	0 	3.500154e+00 	0 	0 	0 	3 	3 	0 	4 	3 	0 	4.045804e+00 	0 	0 	0 	4 	0 	3.500154e+00 	0 	0 	0 	0 	3.333243e+00 	0 	2.499955e+00 	3 	0 	0 	7 	3 	6.887525e+00 	0 	0 	0 	9.546380e+00 	1.075190e+01 	1.146582e+01 	9.963474e+00 	9.743264e+00 	9.222392e+00 	11 	9.333603e+00 	12 	8.917841e+00 	0 	1.175422e+01 	9.164572e+00 	12 	0 	7.201634e+00 	0 	0 	0 	6.415037e+00 	0 	4.415037e+00 	0 	2.415037e+00 	6.336283e+00 	0 	0 	0 	0 	0 	0 	0 	0 	0 
NL/271/1995  	0 	0 	0 	0 	0 	0 	0 	0 	0 	0 	0 	0 	0 	0 	0 	0 	0 	0 	0 	0 	0 	0 	0 	0 	0 	0 	0 	0 	0 	0 	0 	0 	0 	0 	0 	0 	0 	0 	0 	1 	0 	7.000000e+00 	5.217632e+00 	0 	0 	7.222392e+00 	0 	0 	6.000000e+00 	7.017922e+00 	12 	0 	7.904484e+00 	8.853813e+00 	12 	9.076375e+00 	8 	1.141504e+01 	9.444261e+00 	0 	0 	1.058496e+01 	0 	0 	0 	0 	0 	0 	0 	0 	0 	0 	0 	0 	0 	0 	0 	0 	0 
VI/75/1995  	0 	0 	0 	0 	0 	0 	0 	0 	0 	0 	0 	0 	0 	0 	0 	0 	0 	0 	0 	0 	0 	0 	0 	0 	0 	0 	0 	0 	0 	0 	0 	0 	0 	0 	0 	0 	0 	0 	0 	7 	0 	6.000000e+00 	9.839120e+00 	0 	0 	9.415037e+00 	0 	0 	1.019265e+01 	8.193772e+00 	8.415037e+00 	0 	8.307429e+00 	1.017574e+01 	10 	7.398303e+00 	9.169925e+00 	9.222392e+00 	1.002922e+01 	0 	0 	9 	0 	0 	0 	0 	0 	0 	0 	0 	0 	0 	0 	0 	0 	0 	0 	0 	0 
WU/359/1995  	0 	0 	0 	0 	0 	0 	0 	0 	0 	0 	0 	0 	0 	0 	0 	0 	0 	0 	0 	0 	0 	0 	0 	0 	0 	0 	0 	0 	0 	0 	0 	0 	0 	0 	0 	0 	0 	0 	0 	0 	0 	6.378512e+00 	0 	0 	0 	0 	0 	0 	0 	6.700440e+00 	0 	0 	7.416164e+00 	9.063267e+00 	7.338323e+00 	1.066434e+01 	6.153805e+00 	8.624491e+00 	7.506037e+00 	12 	1.059991e+01 	9.469235e+00 	1.042794e+01 	8.207535e+00 	0 	7.030238e+00 	7.415037e+00 	6.000000e+00 	0 	1.049985e+01 	4.546729e+00 	0 	0 	0 	0 	0 	0 	0 	0 
BR/8/1996  	0 	0 	0 	0 	0 	0 	0 	0 	0 	0 	0 	0 	0 	0 	0 	0 	0 	0 	0 	0 	0 	0 	0 	0 	0 	0 	0 	0 	0 	0 	0 	0 	0 	0 	0 	0 	0 	0 	0 	5.321928e+00 	0 	0 	8.161048e+00 	0 	0 	6.000000e+00 	0 	0 	7.500074e+00 	5.242857e+00 	8.222392e+00 	0 	0 	7.352064e+00 	7.210567e+00 	1.035807e+01 	0 	0 	7.177615e+00 	0 	10 	1.050462e+01 	0 	9.207535e+00 	0 	0 	7.415037e+00 	0 	0 	7.000000e+00 	0 	0 	0 	0 	0 	0 	0 	0 	0 
GE/3958/1996  	0 	0 	0 	0 	0 	0 	0 	0 	0 	0 	0 	0 	0 	0 	0 	0 	0 	0 	0 	0 	0 	0 	0 	0 	0 	0 	0 	0 	0 	0 	0 	0 	0 	0 	0 	0 	0 	0 	0 	5.000000e+00 	0 	8 	8.424083e+00 	0 	0 	4.736966e+00 	0 	0 	8.192645e+00 	8.126532e+00 	8.415037e+00 	0 	8.242221e+00 	1.009603e+01 	9.123382e+00 	12 	8.209453e+00 	1.065726e+01 	9.249037e+00 	0 	12 	1.091648e+01 	12 	1.020754e+01 	0 	0 	7.415037e+00 	0 	0 	12 	0 	0 	0 	0 	0 	0 	0 	0 	0 
HK/20/1996  	0 	0 	0 	0 	0 	0 	0 	0 	0 	0 	0 	0 	0 	0 	0 	0 	0 	0 	0 	0 	0 	0 	0 	0 	0 	0 	0 	0 	0 	0 	0 	0 	0 	0 	0 	0 	0 	0 	0 	5.000000e+00 	0 	8 	7.839120e+00 	0 	0 	5.415037e+00 	0 	0 	8.192645e+00 	7.164572e+00 	8.415037e+00 	0 	7.791814e+00 	9.853813e+00 	9.132812e+00 	1.064014e+01 	7.285402e+00 	1.041504e+01 	8.514650e+00 	0 	11 	1.090569e+01 	11 	9.207535e+00 	0 	0 	9.061776e+00 	0 	0 	10 	0 	0 	0 	0 	0 	0 	0 	0 	0 
HK/42/1996  	0 	0 	0 	0 	0 	0 	0 	0 	0 	0 	0 	0 	0 	0 	0 	0 	0 	0 	0 	0 	0 	0 	0 	0 	0 	0 	0 	0 	0 	0 	0 	0 	0 	0 	0 	0 	0 	0 	0 	5.584963e+00 	0 	7.000000e+00 	8.009045e+00 	0 	0 	6.736966e+00 	0 	0 	8.192645e+00 	9.134769e+00 	7.415037e+00 	0 	9.085340e+00 	1.085381e+01 	8.035624e+00 	7.339410e+00 	1.004876e+01 	9.415037e+00 	1.039029e+01 	0 	7.935460e+00 	7.201634e+00 	0 	8.207535e+00 	0 	0 	4.415037e+00 	0 	0 	6.000000e+00 	0 	0 	0 	0 	0 	0 	0 	0 	0 
HK/357/1996  	0 	0 	0 	0 	0 	0 	0 	0 	0 	0 	0 	0 	0 	0 	0 	0 	0 	0 	0 	0 	0 	0 	0 	0 	0 	0 	0 	0 	0 	0 	0 	0 	0 	0 	0 	0 	0 	0 	0 	5.321928e+00 	0 	8 	8.424083e+00 	0 	0 	6.415037e+00 	0 	0 	8.514573e+00 	7.608809e+00 	8.736966e+00 	0 	8.292782e+00 	9.853813e+00 	9.777608e+00 	1.007638e+01 	7.000000e+00 	1.041504e+01 	9.444261e+00 	0 	0 	12 	0 	0 	0 	0 	0 	0 	0 	0 	0 	0 	0 	0 	0 	0 	0 	0 	0 
HK/358/1996  	0 	0 	0 	0 	0 	0 	0 	0 	0 	0 	0 	0 	0 	0 	0 	0 	0 	0 	0 	0 	0 	0 	0 	0 	0 	0 	0 	0 	0 	0 	0 	0 	0 	0 	0 	0 	0 	0 	0 	4.584963e+00 	0 	7.000000e+00 	7.424083e+00 	0 	0 	4.415037e+00 	0 	0 	7.777608e+00 	6.751321e+00 	8 	0 	6.584963e+00 	8.853813e+00 	8.192645e+00 	9.661338e+00 	6.584963e+00 	8.415037e+00 	7.444261e+00 	0 	0 	10 	0 	0 	0 	0 	0 	0 	0 	0 	0 	0 	0 	0 	0 	0 	0 	0 	0 
HK/434/1996  	0 	0 	0 	0 	0 	0 	0 	0 	0 	0 	0 	0 	0 	0 	0 	0 	0 	0 	0 	0 	0 	0 	0 	0 	0 	0 	0 	0 	0 	0 	0 	0 	0 	0 	0 	0 	0 	0 	0 	5.000000e+00 	0 	6.000000e+00 	7.839120e+00 	0 	0 	1.022239e+01 	0 	0 	8.192645e+00 	9.350497e+00 	7.222392e+00 	0 	7.402586e+00 	9.853813e+00 	7.386417e+00 	0 	8.501439e+00 	8.415037e+00 	9.944106e+00 	0 	6.000000e+00 	6.560715e+00 	6.000000e+00 	0 	0 	0 	0 	0 	0 	0 	0 	0 	0 	0 	0 	0 	0 	0 	0 
LY/1781/1996  	0 	0 	0 	0 	0 	0 	0 	0 	0 	0 	0 	0 	0 	0 	0 	0 	0 	0 	0 	0 	0 	0 	0 	0 	0 	0 	0 	0 	0 	0 	0 	0 	0 	0 	0 	0 	0 	0 	0 	5.321928e+00 	0 	0 	9.161048e+00 	0 	0 	5.736966e+00 	0 	0 	9.192645e+00 	7.000000e+00 	8.584963e+00 	0 	7.807355e+00 	0 	9.023002e+00 	1.157622e+01 	8 	0 	8.444261e+00 	0 	0 	9.940167e+00 	0 	0 	0 	0 	0 	0 	0 	0 	0 	0 	0 	0 	0 	0 	0 	0 	0 
NL/91/1996  	0 	0 	0 	0 	0 	0 	0 	0 	0 	0 	0 	0 	0 	0 	0 	0 	0 	0 	0 	0 	0 	0 	0 	0 	0 	0 	0 	0 	0 	0 	0 	0 	0 	0 	0 	0 	0 	0 	0 	8 	0 	8 	6.839120e+00 	0 	0 	8.584963e+00 	0 	0 	9.362570e+00 	0 	6.415037e+00 	0 	8.292782e+00 	1.085381e+01 	7.514573e+00 	0 	10 	1.041504e+01 	1.144426e+01 	0 	0 	6.584963e+00 	0 	0 	0 	0 	0 	0 	0 	0 	0 	0 	0 	0 	0 	0 	0 	0 	0 
SP/1/1996  	5 	0 	0 	0 	4 	0 	0 	0 	0 	0 	0 	0 	0 	0 	0 	0 	0 	0 	0 	0 	0 	0 	4.045804e+00 	0 	0 	0 	0 	0 	0 	0 	0 	0 	0 	3.333243e+00 	0 	0 	0 	0 	0 	6.807355e+00 	0 	6.510962e+00 	8.646475e+00 	0 	0 	5.821030e+00 	0 	0 	10 	6.861294e+00 	0 	0 	0 	8.352064e+00 	8.801454e+00 	1.073459e+01 	6.678072e+00 	8.468149e+00 	7.199148e+00 	0 	1.009803e+01 	9.921246e+00 	1.022304e+01 	0 	1.158496e+01 	0 	7.415037e+00 	0 	5.736966e+00 	0 	0 	0 	0 	0 	0 	0 	0 	0 	0 
AU/10/1997  	5 	0 	0 	0 	4 	0 	0 	0 	0 	0 	0 	0 	0 	0 	0 	0 	0 	0 	0 	0 	0 	0 	4.045804e+00 	0 	0 	0 	0 	0 	0 	0 	0 	0 	0 	3.333243e+00 	0 	0 	0 	0 	0 	0 	0 	0 	0 	5.227850e+00 	0 	2.415037e+00 	0 	0 	0 	2.415037e+00 	5.341037e+00 	0 	0 	0 	0 	0 	0 	5.093109e+00 	0 	0 	7.000000e+00 	8.478972e+00 	0 	12 	8 	0 	1.041504e+01 	0 	12 	7.292782e+00 	0 	0 	0 	0 	0 	0 	0 	0 	0 
HK/1/1997  	0 	0 	0 	0 	0 	0 	0 	0 	0 	0 	0 	0 	0 	0 	0 	0 	0 	0 	0 	0 	0 	0 	0 	0 	0 	0 	0 	0 	0 	0 	0 	0 	0 	0 	0 	0 	0 	0 	0 	5.584963e+00 	0 	0 	8.839120e+00 	0 	0 	7.000000e+00 	0 	0 	7.192645e+00 	5.415037e+00 	7.415037e+00 	0 	5.000000e+00 	0 	8.514573e+00 	1.075726e+01 	7.224966e+00 	0 	8.177615e+00 	0 	11 	1.059842e+01 	11 	8.207535e+00 	0 	0 	5.807355e+00 	0 	0 	1.052826e+01 	0 	0 	0 	0 	0 	0 	0 	0 	0 
HK/280/1997  	0 	0 	0 	0 	0 	0 	0 	0 	0 	0 	0 	0 	0 	0 	0 	0 	0 	0 	0 	0 	0 	0 	0 	0 	0 	0 	0 	0 	0 	0 	0 	0 	0 	0 	0 	0 	0 	0 	0 	0 	0 	0 	0 	0 	0 	0 	0 	0 	0 	0 	0 	0 	0 	0 	8.192645e+00 	1.076567e+01 	6.000000e+00 	0 	6.707295e+00 	0 	1.052826e+01 	1.023458e+01 	10 	9.207535e+00 	0 	0 	7.415037e+00 	0 	0 	9.528259e+00 	0 	0 	0 	0 	0 	0 	0 	0 	0 
JO/10/1997  	0 	0 	0 	0 	0 	0 	0 	0 	0 	0 	0 	0 	0 	0 	0 	0 	0 	0 	0 	0 	0 	0 	0 	0 	0 	0 	0 	0 	0 	0 	0 	0 	0 	0 	0 	0 	0 	0 	0 	5.584963e+00 	0 	0 	9.839120e+00 	0 	0 	5.584963e+00 	0 	0 	8.354533e+00 	5.707819e+00 	8.415037e+00 	0 	6.661065e+00 	0 	7.915111e+00 	9.873388e+00 	6.000000e+00 	0 	7.444261e+00 	0 	0 	9.626439e+00 	0 	0 	0 	0 	0 	0 	0 	0 	0 	0 	0 	0 	0 	0 	0 	0 	0 
NE/491/1997  	0 	0 	0 	0 	0 	0 	0 	0 	0 	0 	0 	0 	0 	0 	0 	0 	0 	0 	0 	0 	0 	0 	0 	0 	0 	0 	0 	0 	0 	0 	0 	0 	0 	0 	0 	0 	0 	0 	0 	0 	0 	0 	0 	0 	0 	0 	0 	0 	0 	6.415037e+00 	0 	0 	0 	0 	8.192645e+00 	1.031669e+01 	6.446256e+00 	0 	6.836578e+00 	0 	9.529821e+00 	9.545351e+00 	10 	9.207535e+00 	0 	0 	7.058894e+00 	0 	0 	9.528259e+00 	0 	0 	0 	0 	0 	0 	0 	0 	0 
NL/300/1997  	5 	0 	0 	0 	4 	0 	0 	0 	0 	0 	0 	0 	0 	0 	0 	0 	0 	0 	0 	0 	0 	0 	4.045804e+00 	0 	0 	0 	0 	0 	0 	0 	0 	0 	0 	3.333243e+00 	0 	0 	3 	0 	0 	0 	0 	0 	0 	5.227850e+00 	0 	2.415037e+00 	0 	0 	0 	2.415037e+00 	0 	0 	0 	0 	5.847997e+00 	0 	0 	0 	0 	0 	7.523562e+00 	9.251719e+00 	6.263034e+00 	1.180745e+01 	9.415037e+00 	0 	1.041504e+01 	0 	1.041504e+01 	7.399171e+00 	0 	0 	0 	0 	0 	0 	0 	0 	0 
OS/21/1997  	0 	0 	0 	0 	0 	0 	0 	0 	0 	0 	0 	0 	0 	0 	0 	0 	0 	0 	0 	0 	0 	0 	0 	0 	0 	0 	0 	0 	0 	0 	0 	0 	0 	0 	0 	0 	0 	0 	0 	4.321928e+00 	0 	0 	1.116105e+01 	0 	0 	5.222392e+00 	0 	0 	9 	6.415037e+00 	1.022239e+01 	0 	8.807355e+00 	0 	8.521769e+00 	1.057781e+01 	6.000000e+00 	0 	7.444261e+00 	0 	0 	9.797013e+00 	0 	0 	0 	0 	0 	0 	0 	0 	0 	0 	0 	0 	0 	0 	0 	0 	0 
OS/244/1997  	0 	0 	0 	0 	0 	0 	0 	0 	0 	0 	0 	0 	0 	0 	0 	0 	0 	0 	0 	0 	0 	0 	0 	0 	0 	0 	0 	0 	0 	0 	0 	0 	0 	0 	0 	0 	0 	0 	0 	6.000000e+00 	0 	0 	8.839120e+00 	0 	0 	5.000000e+00 	0 	0 	8.192645e+00 	7.000000e+00 	8.415037e+00 	0 	7.807355e+00 	0 	8.394279e+00 	1.107638e+01 	7.000000e+00 	0 	8.444261e+00 	0 	0 	1.008321e+01 	0 	0 	0 	0 	0 	0 	0 	0 	0 	0 	0 	0 	0 	0 	0 	0 	0 
SY/5/1997  	5 	0 	0 	0 	4 	0 	0 	0 	0 	0 	0 	0 	0 	0 	0 	0 	0 	0 	0 	0 	0 	0 	4.045804e+00 	0 	0 	0 	0 	0 	0 	0 	0 	0 	0 	3.333243e+00 	0 	0 	3 	0 	0 	1 	0 	0 	3.839120e+00 	5.227850e+00 	0 	1.415037e+00 	0 	0 	2.192645e+00 	1.415037e+00 	0 	0 	4.807355e+00 	0 	5.362570e+00 	0 	0 	4.415037e+00 	0 	9 	7.000000e+00 	7.536053e+00 	0 	1.180745e+01 	7.584963e+00 	12 	1.101495e+01 	12 	1.058496e+01 	6.137504e+00 	1.062675e+01 	1.126289e+01 	1.099951e+01 	1.073697e+01 	10 	6.333421e+00 	9.584963e+00 	7.785438e+00 	1.041504e+01 
NL/5/1998  	5 	0 	0 	0 	4 	0 	0 	0 	0 	0 	0 	0 	0 	0 	0 	0 	0 	0 	0 	0 	0 	0 	4.045804e+00 	0 	0 	0 	0 	0 	0 	0 	0 	0 	0 	3.333243e+00 	0 	0 	0 	0 	0 	6.321928e+00 	0 	0 	8.161048e+00 	0 	0 	5.722466e+00 	0 	0 	8.777608e+00 	7.736966e+00 	9.415037e+00 	0 	8.807355e+00 	0 	8.591816e+00 	1.033565e+01 	7.000000e+00 	0 	0 	1.149985e+01 	11 	9.569856e+00 	1.171699e+01 	6.189388e+00 	12 	7.531987e+00 	6.450661e+00 	6.000000e+00 	5.415037e+00 	1.125550e+01 	6.546729e+00 	0 	0 	5.000000e+00 	0 	2.333421e+00 	0 	2.785438e+00 	3.415037e+00 
NL/414/1998  	5 	0 	0 	0 	4 	0 	0 	0 	0 	0 	0 	0 	0 	0 	0 	0 	0 	0 	0 	0 	0 	0 	0 	0 	0 	0 	0 	0 	0 	0 	0 	0 	0 	0 	0 	0 	0 	0 	0 	0 	0 	0 	0 	0 	0 	0 	0 	0 	0 	0 	0 	0 	0 	0 	0 	1.107638e+01 	0 	0 	0 	9 	0 	8.986411e+00 	6.744161e+00 	1.162243e+01 	9 	1.079220e+01 	1.041504e+01 	1.041504e+01 	1.073697e+01 	0 	1.114217e+01 	0 	0 	0 	0 	0 	0 	0 	0 
NL/427/1998  	5 	0 	0 	0 	4 	0 	0 	0 	0 	0 	0 	0 	0 	0 	0 	0 	0 	0 	0 	0 	0 	0 	4.045804e+00 	0 	0 	0 	0 	0 	0 	0 	0 	0 	0 	3.333243e+00 	0 	0 	0 	0 	0 	0 	0 	0 	0 	5.227850e+00 	0 	0 	0 	0 	0 	0 	0 	0 	0 	0 	0 	6.661338e+00 	0 	0 	0 	0 	0 	7.857981e+00 	5.584963e+00 	1.120754e+01 	0 	1.132445e+01 	9.415037e+00 	1.041504e+01 	1.041504e+01 	6.523562e+00 	0 	0 	0 	0 	0 	0 	0 	0 	0 
NL/462/1998  	0 	0 	0 	0 	0 	0 	0 	0 	0 	0 	0 	0 	0 	0 	0 	0 	0 	0 	0 	0 	0 	0 	0 	0 	0 	0 	0 	0 	0 	0 	0 	0 	0 	0 	0 	0 	0 	0 	0 	0 	0 	0 	0 	0 	0 	0 	0 	0 	0 	0 	0 	0 	0 	0 	0 	1.166134e+01 	0 	0 	0 	7.000000e+00 	0 	0 	0 	0 	0 	1.176273e+01 	12 	10 	0 	0 	1.087226e+01 	1.059614e+01 	0 	0 	0 	5.333421e+00 	0 	7.785438e+00 	9.415037e+00 
MW/10/1999  	0 	0 	0 	0 	0 	0 	0 	0 	0 	0 	0 	0 	0 	0 	0 	0 	0 	0 	0 	0 	0 	0 	0 	0 	0 	0 	0 	0 	0 	0 	0 	0 	0 	0 	0 	0 	0 	0 	0 	0 	0 	0 	0 	0 	0 	0 	0 	0 	0 	0 	0 	0 	0 	0 	0 	0 	0 	0 	0 	7.000000e+00 	0 	6.536053e+00 	0 	0 	0 	1.044008e+01 	0 	0 	0 	7.000000e+00 	0 	8.928844e+00 	1.070705e+01 	10 	9.904484e+00 	4.333421e+00 	9.584963e+00 	6.785438e+00 	7.415037e+00 
NL/301/1999  	0 	0 	0 	0 	0 	0 	0 	0 	0 	0 	0 	0 	0 	0 	0 	0 	0 	0 	0 	0 	0 	0 	0 	0 	0 	0 	0 	0 	0 	0 	0 	0 	0 	0 	0 	0 	0 	0 	0 	0 	0 	0 	0 	0 	0 	0 	0 	0 	0 	0 	0 	0 	0 	0 	0 	0 	0 	0 	0 	7.000000e+00 	0 	7.104337e+00 	0 	0 	0 	1.108196e+01 	0 	0 	0 	8 	1.150441e+01 	1.059614e+01 	1.138873e+01 	0 	12 	0 	11 	0 	0 
PM/2007/1999  	0 	0 	0 	0 	0 	0 	0 	0 	0 	0 	0 	0 	0 	0 	0 	0 	0 	0 	0 	0 	0 	0 	0 	0 	0 	0 	0 	0 	0 	0 	0 	0 	0 	0 	0 	0 	0 	0 	0 	0 	0 	0 	0 	0 	0 	0 	0 	0 	0 	0 	0 	0 	0 	0 	0 	0 	0 	0 	0 	0 	0 	0 	0 	0 	0 	1.098567e+01 	0 	0 	0 	0 	1.074149e+01 	1.137026e+01 	12 	1.122239e+01 	1.179246e+01 	4.333421e+00 	12 	7.785438e+00 	1.041504e+01 
NL/3/2000  	0 	0 	0 	0 	0 	0 	0 	0 	0 	0 	0 	0 	0 	0 	0 	0 	0 	0 	0 	0 	0 	0 	0 	0 	0 	0 	0 	0 	0 	0 	0 	0 	0 	0 	0 	0 	0 	0 	0 	0 	0 	0 	0 	0 	0 	0 	0 	0 	4.192645e+00 	3.736966e+00 	0 	0 	0 	0 	5.000000e+00 	1.007638e+01 	0 	0 	0 	7.000000e+00 	0 	0 	0 	0 	0 	9.049263e+00 	0 	0 	0 	6.000000e+00 	9.663593e+00 	0 	0 	0 	0 	0 	0 	0 	0 
NL/118/2001  	0 	0 	0 	0 	0 	0 	0 	0 	0 	0 	0 	0 	0 	0 	0 	0 	0 	0 	0 	0 	0 	0 	0 	0 	0 	0 	0 	0 	0 	0 	0 	0 	0 	0 	0 	0 	0 	0 	0 	0 	0 	0 	0 	0 	0 	0 	0 	0 	0 	0 	0 	0 	0 	0 	0 	0 	0 	0 	0 	0 	0 	0 	0 	0 	0 	0 	0 	0 	0 	0 	12 	12 	12 	12 	1.166107e+01 	0 	11 	0 	0 
NL/124/2001  	0 	0 	0 	0 	0 	0 	0 	0 	0 	0 	0 	0 	0 	0 	0 	0 	0 	0 	0 	0 	0 	0 	0 	0 	0 	0 	0 	0 	0 	0 	0 	0 	0 	0 	0 	0 	0 	0 	0 	0 	0 	0 	0 	0 	0 	3.736966e+00 	0 	0 	0 	0 	0 	0 	0 	0 	6.192645e+00 	9.076375e+00 	0 	0 	0 	8 	0 	8.807355e+00 	6.000000e+00 	0 	0 	9.116949e+00 	0 	0 	0 	0 	1.071665e+01 	9.596136e+00 	1.097369e+01 	1.007468e+01 	1.058496e+01 	8.333421e+00 	0 	8.785438e+00 	1.022239e+01 
NL/126/2001  	0 	0 	0 	0 	0 	0 	0 	0 	0 	0 	0 	0 	0 	0 	0 	0 	0 	0 	0 	0 	0 	0 	0 	0 	0 	0 	0 	0 	0 	0 	0 	0 	0 	0 	0 	0 	0 	0 	0 	0 	0 	0 	0 	0 	0 	0 	0 	0 	0 	0 	0 	0 	0 	0 	0 	0 	0 	0 	0 	0 	0 	0 	0 	0 	0 	9.595921e+00 	0 	0 	0 	0 	9.839511e+00 	1.000043e+01 	1.086878e+01 	1.058496e+01 	1.108534e+01 	0 	1.058496e+01 	0 	0 
FU/411/2002  	0 	0 	0 	0 	0 	0 	0 	0 	0 	0 	0 	0 	0 	0 	0 	0 	0 	0 	0 	0 	0 	0 	0 	0 	0 	0 	0 	0 	0 	0 	0 	0 	0 	0 	0 	0 	0 	0 	0 	0 	0 	0 	0 	0 	0 	2.415037e+00 	0 	0 	0 	0 	0 	0 	0 	0 	3.192645e+00 	5.076375e+00 	0 	0 	0 	4 	0 	4 	4 	0 	0 	0 	0 	0 	0 	0 	7.546729e+00 	8.596136e+00 	0 	9.222392e+00 	0 	1.054823e+01 	0 	1.065704e+01 	6.751321e+00 
NL/1/2002  	0 	0 	0 	0 	0 	0 	0 	0 	0 	0 	0 	0 	0 	0 	0 	0 	0 	0 	0 	0 	0 	0 	0 	0 	0 	0 	0 	0 	0 	0 	0 	0 	0 	0 	0 	0 	0 	0 	0 	0 	0 	0 	0 	0 	0 	3.736966e+00 	0 	0 	5.192645e+00 	0 	0 	0 	0 	0 	5.080170e+00 	9.129487e+00 	0 	0 	0 	7.584963e+00 	0 	8.602884e+00 	4.584963e+00 	0 	0 	8.116949e+00 	0 	0 	0 	0 	9.546729e+00 	8.596136e+00 	9.388729e+00 	8.415037e+00 	9.584963e+00 	7.333421e+00 	10 	8.592793e+00 	9.415037e+00 
NL/120/2002  	0 	0 	0 	0 	0 	0 	0 	0 	0 	0 	0 	0 	0 	0 	0 	0 	0 	0 	0 	0 	0 	0 	0 	0 	0 	0 	0 	0 	0 	0 	0 	0 	0 	0 	0 	0 	0 	0 	0 	0 	0 	0 	0 	0 	0 	0 	0 	0 	0 	0 	0 	0 	0 	0 	0 	0 	0 	0 	0 	0 	0 	0 	0 	0 	0 	1.111695e+01 	0 	0 	0 	0 	1.113169e+01 	1.118110e+01 	1.138873e+01 	0 	1.158496e+01 	0 	1.158496e+01 	0 	0 
FI/170/2003  	0 	0 	0 	0 	0 	0 	0 	0 	0 	0 	0 	0 	0 	0 	0 	0 	0 	0 	0 	0 	0 	0 	0 	0 	0 	0 	0 	0 	0 	0 	0 	0 	0 	0 	0 	0 	0 	0 	0 	0 	0 	0 	0 	0 	0 	2.415037e+00 	0 	0 	0 	0 	0 	0 	0 	0 	4.192645e+00 	6.076375e+00 	0 	0 	0 	5.000000e+00 	0 	6.321928e+00 	4 	0 	0 	0 	0 	0 	0 	0 	1.054673e+01 	1.059614e+01 	0 	9.415037e+00 	0 	1.133342e+01 	0 	1.178544e+01 	9.620586e+00 
NL/20/2003  	0 	0 	0 	0 	0 	0 	0 	0 	0 	0 	0 	0 	0 	0 	0 	0 	0 	0 	0 	0 	0 	0 	0 	0 	0 	0 	0 	0 	0 	0 	0 	0 	0 	0 	0 	0 	0 	0 	0 	0 	0 	0 	0 	0 	0 	5.736966e+00 	0 	0 	0 	0 	0 	0 	0 	0 	7.192645e+00 	9.398303e+00 	0 	0 	0 	8.807355e+00 	0 	10 	8 	0 	0 	9.853915e+00 	0 	0 	0 	0 	1.071665e+01 	1.059614e+01 	1.161112e+01 	1.107396e+01 	1.116993e+01 	7.333421e+00 	0 	9.592793e+00 	12 
NL/22/2003  	0 	0 	0 	0 	0 	0 	0 	0 	0 	0 	0 	0 	0 	0 	0 	0 	0 	0 	0 	0 	0 	0 	0 	0 	0 	0 	0 	0 	0 	0 	0 	0 	0 	0 	0 	0 	0 	0 	0 	0 	0 	0 	0 	0 	0 	2.415037e+00 	0 	0 	0 	0 	0 	0 	0 	0 	5.192645e+00 	6.398303e+00 	0 	0 	0 	5.321928e+00 	0 	7.321928e+00 	4.584963e+00 	0 	0 	6.116949e+00 	0 	0 	0 	0 	7.546729e+00 	7.094387e+00 	6.611122e+00 	0 	7.000000e+00 	1.066658e+01 	0 	1.111859e+01 	9.081794e+00 
NL/213/2003  	0 	0 	0 	0 	0 	0 	0 	0 	0 	0 	0 	0 	0 	0 	0 	0 	0 	0 	0 	0 	0 	0 	0 	0 	0 	0 	0 	0 	0 	0 	0 	0 	0 	0 	0 	0 	0 	0 	0 	0 	0 	0 	0 	0 	0 	2.415037e+00 	0 	0 	0 	0 	0 	0 	0 	0 	5.514573e+00 	7.883730e+00 	0 	0 	0 	6.000000e+00 	0 	8.321928e+00 	5.321928e+00 	0 	0 	0 	0 	0 	0 	0 	9.546729e+00 	1.059614e+01 	0 	1.073697e+01 	0 	12 	0 	12 	1.028663e+01 
NL/217/2003  	0 	0 	0 	0 	0 	0 	0 	0 	0 	0 	0 	0 	0 	0 	0 	0 	0 	0 	0 	0 	0 	0 	0 	0 	0 	0 	0 	0 	0 	0 	0 	0 	0 	0 	0 	0 	0 	0 	0 	0 	0 	0 	0 	0 	0 	2.415037e+00 	0 	0 	0 	0 	0 	0 	0 	0 	3.777608e+00 	5.661338e+00 	0 	0 	0 	4.584963e+00 	0 	6.000000e+00 	4 	0 	0 	0 	0 	0 	0 	0 	9.546729e+00 	9.596136e+00 	0 	9.222392e+00 	0 	1.100018e+01 	0 	1.145219e+01 	8.081794e+00 
NL/222/2003  	0 	0 	0 	0 	0 	0 	0 	0 	0 	0 	0 	0 	0 	0 	0 	0 	0 	0 	0 	0 	0 	0 	0 	0 	0 	0 	0 	0 	0 	0 	0 	0 	0 	0 	0 	0 	0 	0 	0 	0 	0 	0 	0 	0 	0 	2.415037e+00 	0 	0 	0 	0 	0 	0 	0 	0 	5.777608e+00 	7.398303e+00 	0 	0 	0 	5.584963e+00 	0 	7.321928e+00 	5.584963e+00 	0 	0 	7.853915e+00 	0 	0 	0 	0 	8.708617e+00 	8.888918e+00 	1.038873e+01 	9.070389e+00 	8.807355e+00 	1.172337e+01 	0 	12 	9.620586e+00 
